-25.0,-11.456406460000002,13.0,1,L
-24.5,-12.322431860000002,13.0,2,L
-23.5,-12.322431860000002,13.0,3,L
-23.0,-11.456406460000002,13.0,4,L
-25.0,-9.724355650000001,13.0,5,L
-24.5,-10.590381060000002,13.0,6,L
-23.5,-10.590381060000002,13.0,7,L
-23.0,-9.724355650000001,13.0,8,L
-25.0,-7.992304850000002,13.0,9,L
-24.5,-8.858330250000002,13.0,10,L
-23.5,-8.858330250000002,13.0,11,L
-23.0,-7.992304850000002,13.0,12,L
-25.0,-6.260254038000001,13.0,13,L
-24.5,-7.126279442000001,13.0,14,L
-23.5,-7.126279442000001,13.0,15,L
-23.0,-6.260254038000001,13.0,16,L
-25.0,-4.528203230000003,13.0,17,L
-24.5,-5.394228634000003,13.0,18,L
-23.5,-5.394228634000003,13.0,19,L
-23.0,-4.528203230000003,13.0,20,L
-25.0,-2.7961524230000023,13.0,21,L
-24.5,-3.6621778260000006,13.0,22,L
-23.5,-3.6621778260000006,13.0,23,L
-23.0,-2.7961524230000023,13.0,24,L
-25.0,-1.0641016150000002,13.0,25,L
-24.5,-1.9301270190000004,13.0,26,L
-23.5,-1.9301270190000004,13.0,27,L
-23.0,-1.0641016150000002,13.0,28,L
-25.0,0.667949192,13.0,29,L
-24.5,-0.19807621100000006,13.0,30,L
-23.5,-0.19807621100000006,13.0,31,L
-23.0,0.667949192,13.0,32,L
-25.0,2.4,13.0,33,L
-24.5,1.5339745959999997,13.0,34,L
-23.5,1.5339745959999997,13.0,35,L
-23.0,2.4,13.0,36,L
-25.0,4.132050808000001,13.0,37,L
-24.5,3.2660254040000005,13.0,38,L
-23.5,3.2660254040000005,13.0,39,L
-23.0,4.132050808000001,13.0,40,L
-25.0,5.864101615000001,13.0,41,L
-24.5,4.998076210999999,13.0,42,L
-23.5,4.998076210999999,13.0,43,L
-23.0,5.864101615000001,13.0,44,L
-25.0,7.5961524229999995,13.0,45,L
-24.5,6.7301270189999975,13.0,46,L
-23.5,6.7301270189999975,13.0,47,L
-23.0,7.5961524229999995,13.0,48,L
-25.0,9.32820323,13.0,49,L
-24.5,8.462177825999998,13.0,50,L
-23.5,8.462177825999998,13.0,51,L
-23.0,9.32820323,13.0,52,L
-25.0,11.060254037999997,13.0,53,L
-24.5,10.194228633999998,13.0,54,L
-23.5,10.194228633999998,13.0,55,L
-23.0,11.060254037999997,13.0,56,L
-25.0,12.79230485,13.0,57,L
-24.5,11.926279441999998,13.0,58,L
-23.5,11.926279441999998,13.0,59,L
-23.0,12.79230485,13.0,60,L
-25.0,14.524355649999997,13.0,61,L
-24.5,13.658330249999999,13.0,62,L
-23.5,13.658330249999999,13.0,63,L
-23.0,14.524355649999997,13.0,64,L
-25.0,16.25640646,13.0,65,L
-24.5,15.39038106,13.0,66,L
-23.5,15.39038106,13.0,67,L
-23.0,16.25640646,13.0,68,L
-22.0,-11.456406460000002,13.0,69,L
-21.5,-12.322431860000002,13.0,70,L
-20.5,-12.322431860000002,13.0,71,L
-20.0,-11.456406460000002,13.0,72,L
-22.0,-9.724355650000001,13.0,73,L
-21.5,-10.590381060000002,13.0,74,L
-20.5,-10.590381060000002,13.0,75,L
-20.0,-9.724355650000001,13.0,76,L
-22.0,-7.992304850000002,13.0,77,L
-21.5,-8.858330250000002,13.0,78,L
-20.5,-8.858330250000002,13.0,79,L
-20.0,-7.992304850000002,13.0,80,L
-22.0,-6.260254038000001,13.0,81,L
-21.5,-7.126279442000001,13.0,82,L
-20.5,-7.126279442000001,13.0,83,L
-20.0,-6.260254038000001,13.0,84,L
-22.0,-4.528203230000003,13.0,85,L
-21.5,-5.394228634000003,13.0,86,L
-20.5,-5.394228634000003,13.0,87,L
-20.0,-4.528203230000003,13.0,88,L
-22.0,-2.7961524230000023,13.0,89,L
-21.5,-3.6621778260000006,13.0,90,L
-20.5,-3.6621778260000006,13.0,91,L
-20.0,-2.7961524230000023,13.0,92,L
-22.0,-1.0641016150000002,13.0,93,L
-21.5,-1.9301270190000004,13.0,94,L
-20.5,-1.9301270190000004,13.0,95,L
-20.0,-1.0641016150000002,13.0,96,L
-22.0,0.667949192,13.0,97,L
-21.5,-0.19807621100000006,13.0,98,L
-20.5,-0.19807621100000006,13.0,99,L
-20.0,0.667949192,13.0,100,L
-22.0,2.4,13.0,101,L
-21.5,1.5339745959999997,13.0,102,L
-20.5,1.5339745959999997,13.0,103,L
-20.0,2.4,13.0,104,L
-22.0,4.132050808000001,13.0,105,L
-21.5,3.2660254040000005,13.0,106,L
-20.5,3.2660254040000005,13.0,107,L
-20.0,4.132050808000001,13.0,108,L
-22.0,5.864101615000001,13.0,109,L
-21.5,4.998076210999999,13.0,110,L
-20.5,4.998076210999999,13.0,111,L
-20.0,5.864101615000001,13.0,112,L
-22.0,7.5961524229999995,13.0,113,L
-21.5,6.7301270189999975,13.0,114,L
-20.5,6.7301270189999975,13.0,115,L
-20.0,7.5961524229999995,13.0,116,L
-22.0,9.32820323,13.0,117,L
-21.5,8.462177825999998,13.0,118,L
-20.5,8.462177825999998,13.0,119,L
-20.0,9.32820323,13.0,120,L
-22.0,11.060254037999997,13.0,121,L
-21.5,10.194228633999998,13.0,122,L
-20.5,10.194228633999998,13.0,123,L
-20.0,11.060254037999997,13.0,124,L
-22.0,12.79230485,13.0,125,L
-21.5,11.926279441999998,13.0,126,L
-20.5,11.926279441999998,13.0,127,L
-20.0,12.79230485,13.0,128,L
-22.0,14.524355649999997,13.0,129,L
-21.5,13.658330249999999,13.0,130,L
-20.5,13.658330249999999,13.0,131,L
-20.0,14.524355649999997,13.0,132,L
-22.0,16.25640646,13.0,133,L
-21.5,15.39038106,13.0,134,L
-20.5,15.39038106,13.0,135,L
-20.0,16.25640646,13.0,136,L
-19.0,-11.456406460000002,13.0,137,L
-18.5,-12.322431860000002,13.0,138,L
-17.5,-12.322431860000002,13.0,139,L
-17.0,-11.456406460000002,13.0,140,L
-19.0,-9.724355650000001,13.0,141,L
-18.5,-10.590381060000002,13.0,142,L
-17.5,-10.590381060000002,13.0,143,L
-17.0,-9.724355650000001,13.0,144,L
-19.0,-7.992304850000002,13.0,145,L
-18.5,-8.858330250000002,13.0,146,L
-17.5,-8.858330250000002,13.0,147,L
-17.0,-7.992304850000002,13.0,148,L
-19.0,-6.260254038000001,13.0,149,L
-18.5,-7.126279442000001,13.0,150,L
-17.5,-7.126279442000001,13.0,151,L
-17.0,-6.260254038000001,13.0,152,L
-19.0,-4.528203230000003,13.0,153,L
-18.5,-5.394228634000003,13.0,154,L
-17.5,-5.394228634000003,13.0,155,L
-17.0,-4.528203230000003,13.0,156,L
-19.0,-2.7961524230000023,13.0,157,L
-18.5,-3.6621778260000006,13.0,158,L
-17.5,-3.6621778260000006,13.0,159,L
-17.0,-2.7961524230000023,13.0,160,L
-19.0,-1.0641016150000002,13.0,161,L
-18.5,-1.9301270190000004,13.0,162,L
-17.5,-1.9301270190000004,13.0,163,L
-17.0,-1.0641016150000002,13.0,164,L
-19.0,0.667949192,13.0,165,L
-18.5,-0.19807621100000006,13.0,166,L
-17.5,-0.19807621100000006,13.0,167,L
-17.0,0.667949192,13.0,168,L
-19.0,2.4,13.0,169,L
-18.5,1.5339745959999997,13.0,170,L
-17.5,1.5339745959999997,13.0,171,L
-17.0,2.4,13.0,172,L
-19.0,4.132050808000001,13.0,173,L
-18.5,3.2660254040000005,13.0,174,L
-17.5,3.2660254040000005,13.0,175,L
-17.0,4.132050808000001,13.0,176,L
-19.0,5.864101615000001,13.0,177,L
-18.5,4.998076210999999,13.0,178,L
-17.5,4.998076210999999,13.0,179,L
-17.0,5.864101615000001,13.0,180,L
-19.0,7.5961524229999995,13.0,181,L
-18.5,6.7301270189999975,13.0,182,L
-17.5,6.7301270189999975,13.0,183,L
-17.0,7.5961524229999995,13.0,184,L
-19.0,9.32820323,13.0,185,L
-18.5,8.462177825999998,13.0,186,L
-17.5,8.462177825999998,13.0,187,L
-17.0,9.32820323,13.0,188,L
-19.0,11.060254037999997,13.0,189,L
-18.5,10.194228633999998,13.0,190,L
-17.5,10.194228633999998,13.0,191,L
-17.0,11.060254037999997,13.0,192,L
-19.0,12.79230485,13.0,193,L
-18.5,11.926279441999998,13.0,194,L
-17.5,11.926279441999998,13.0,195,L
-17.0,12.79230485,13.0,196,L
-19.0,14.524355649999997,13.0,197,L
-18.5,13.658330249999999,13.0,198,L
-17.5,13.658330249999999,13.0,199,L
-17.0,14.524355649999997,13.0,200,L
-19.0,16.25640646,13.0,201,L
-18.5,15.39038106,13.0,202,L
-17.5,15.39038106,13.0,203,L
-17.0,16.25640646,13.0,204,L
-16.0,-11.456406460000002,13.0,205,L
-15.5,-12.322431860000002,13.0,206,L
-14.5,-12.322431860000002,13.0,207,L
-14.0,-11.456406460000002,13.0,208,L
-16.0,-9.724355650000001,13.0,209,L
-15.5,-10.590381060000002,13.0,210,L
-14.5,-10.590381060000002,13.0,211,L
-14.0,-9.724355650000001,13.0,212,L
-16.0,-7.992304850000002,13.0,213,L
-15.5,-8.858330250000002,13.0,214,L
-14.5,-8.858330250000002,13.0,215,L
-14.0,-7.992304850000002,13.0,216,L
-16.0,-6.260254038000001,13.0,217,L
-15.5,-7.126279442000001,13.0,218,L
-14.5,-7.126279442000001,13.0,219,L
-14.0,-6.260254038000001,13.0,220,L
-16.0,-4.528203230000003,13.0,221,L
-15.5,-5.394228634000003,13.0,222,L
-14.5,-5.394228634000003,13.0,223,L
-14.0,-4.528203230000003,13.0,224,L
-16.0,-2.7961524230000023,13.0,225,L
-15.5,-3.6621778260000006,13.0,226,L
-14.5,-3.6621778260000006,13.0,227,L
-14.0,-2.7961524230000023,13.0,228,L
-16.0,-1.0641016150000002,13.0,229,L
-15.5,-1.9301270190000004,13.0,230,L
-14.5,-1.9301270190000004,13.0,231,L
-14.0,-1.0641016150000002,13.0,232,L
-16.0,0.667949192,13.0,233,L
-15.5,-0.19807621100000006,13.0,234,L
-14.5,-0.19807621100000006,13.0,235,L
-14.0,0.667949192,13.0,236,L
-16.0,2.4,13.0,237,L
-15.5,1.5339745959999997,13.0,238,L
-14.5,1.5339745959999997,13.0,239,L
-14.0,2.4,13.0,240,L
-16.0,4.132050808000001,13.0,241,L
-15.5,3.2660254040000005,13.0,242,L
-14.5,3.2660254040000005,13.0,243,L
-14.0,4.132050808000001,13.0,244,L
-16.0,5.864101615000001,13.0,245,L
-15.5,4.998076210999999,13.0,246,L
-14.5,4.998076210999999,13.0,247,L
-14.0,5.864101615000001,13.0,248,L
-16.0,7.5961524229999995,13.0,249,L
-15.5,6.7301270189999975,13.0,250,L
-14.5,6.7301270189999975,13.0,251,L
-14.0,7.5961524229999995,13.0,252,L
-16.0,9.32820323,13.0,253,L
-15.5,8.462177825999998,13.0,254,L
-14.5,8.462177825999998,13.0,255,L
-14.0,9.32820323,13.0,256,L
-16.0,11.060254037999997,13.0,257,L
-15.5,10.194228633999998,13.0,258,L
-14.5,10.194228633999998,13.0,259,L
-14.0,11.060254037999997,13.0,260,L
-16.0,12.79230485,13.0,261,L
-15.5,11.926279441999998,13.0,262,L
-14.5,11.926279441999998,13.0,263,L
-14.0,12.79230485,13.0,264,L
-16.0,14.524355649999997,13.0,265,L
-15.5,13.658330249999999,13.0,266,L
-14.5,13.658330249999999,13.0,267,L
-14.0,14.524355649999997,13.0,268,L
-16.0,16.25640646,13.0,269,L
-15.5,15.39038106,13.0,270,L
-14.5,15.39038106,13.0,271,L
-14.0,16.25640646,13.0,272,L
-13.0,-11.456406460000002,13.0,273,L
-12.5,-12.322431860000002,13.0,274,L
-11.5,-12.322431860000002,13.0,275,L
-11.0,-11.456406460000002,13.0,276,L
-13.0,-9.724355650000001,13.0,277,L
-12.5,-10.590381060000002,13.0,278,L
-11.5,-10.590381060000002,13.0,279,L
-11.0,-9.724355650000001,13.0,280,L
-13.0,-7.992304850000002,13.0,281,L
-12.5,-8.858330250000002,13.0,282,L
-11.5,-8.858330250000002,13.0,283,L
-11.0,-7.992304850000002,13.0,284,L
-13.0,-6.260254038000001,13.0,285,L
-12.5,-7.126279442000001,13.0,286,L
-11.5,-7.126279442000001,13.0,287,L
-11.0,-6.260254038000001,13.0,288,L
-13.0,-4.528203230000003,13.0,289,L
-12.5,-5.394228634000003,13.0,290,L
-11.5,-5.394228634000003,13.0,291,L
-11.0,-4.528203230000003,13.0,292,L
-13.0,-2.7961524230000023,13.0,293,L
-12.5,-3.6621778260000006,13.0,294,L
-11.5,-3.6621778260000006,13.0,295,L
-11.0,-2.7961524230000023,13.0,296,L
-13.0,-1.0641016150000002,13.0,297,L
-12.5,-1.9301270190000004,13.0,298,L
-11.5,-1.9301270190000004,13.0,299,L
-11.0,-1.0641016150000002,13.0,300,L
-13.0,0.667949192,13.0,301,L
-12.5,-0.19807621100000006,13.0,302,L
-11.5,-0.19807621100000006,13.0,303,L
-11.0,0.667949192,13.0,304,L
-13.0,2.4,13.0,305,L
-12.5,1.5339745959999997,13.0,306,L
-11.5,1.5339745959999997,13.0,307,L
-11.0,2.4,13.0,308,L
-13.0,4.132050808000001,13.0,309,L
-12.5,3.2660254040000005,13.0,310,L
-11.5,3.2660254040000005,13.0,311,L
-11.0,4.132050808000001,13.0,312,L
-13.0,5.864101615000001,13.0,313,L
-12.5,4.998076210999999,13.0,314,L
-11.5,4.998076210999999,13.0,315,L
-11.0,5.864101615000001,13.0,316,L
-13.0,7.5961524229999995,13.0,317,L
-12.5,6.7301270189999975,13.0,318,L
-11.5,6.7301270189999975,13.0,319,L
-11.0,7.5961524229999995,13.0,320,L
-13.0,9.32820323,13.0,321,L
-12.5,8.462177825999998,13.0,322,L
-11.5,8.462177825999998,13.0,323,L
-11.0,9.32820323,13.0,324,L
-13.0,11.060254037999997,13.0,325,L
-12.5,10.194228633999998,13.0,326,L
-11.5,10.194228633999998,13.0,327,L
-11.0,11.060254037999997,13.0,328,L
-13.0,12.79230485,13.0,329,L
-12.5,11.926279441999998,13.0,330,L
-11.5,11.926279441999998,13.0,331,L
-11.0,12.79230485,13.0,332,L
-13.0,14.524355649999997,13.0,333,L
-12.5,13.658330249999999,13.0,334,L
-11.5,13.658330249999999,13.0,335,L
-11.0,14.524355649999997,13.0,336,L
-13.0,16.25640646,13.0,337,L
-12.5,15.39038106,13.0,338,L
-11.5,15.39038106,13.0,339,L
-11.0,16.25640646,13.0,340,L
-10.0,-11.456406460000002,13.0,341,L
-9.5,-12.322431860000002,13.0,342,L
-8.5,-12.322431860000002,13.0,343,L
-8.0,-11.456406460000002,13.0,344,L
-10.0,-9.724355650000001,13.0,345,L
-9.5,-10.590381060000002,13.0,346,L
-8.5,-10.590381060000002,13.0,347,L
-8.0,-9.724355650000001,13.0,348,L
-10.0,-7.992304850000002,13.0,349,L
-9.5,-8.858330250000002,13.0,350,L
-8.5,-8.858330250000002,13.0,351,L
-8.0,-7.992304850000002,13.0,352,L
-10.0,-6.260254038000001,13.0,353,L
-9.5,-7.126279442000001,13.0,354,L
-8.5,-7.126279442000001,13.0,355,L
-8.0,-6.260254038000001,13.0,356,L
-10.0,-4.528203230000003,13.0,357,L
-9.5,-5.394228634000003,13.0,358,L
-8.5,-5.394228634000003,13.0,359,L
-8.0,-4.528203230000003,13.0,360,L
-10.0,-2.7961524230000023,13.0,361,L
-9.5,-3.6621778260000006,13.0,362,L
-8.5,-3.6621778260000006,13.0,363,L
-8.0,-2.7961524230000023,13.0,364,L
-10.0,-1.0641016150000002,13.0,365,L
-9.5,-1.9301270190000004,13.0,366,L
-8.5,-1.9301270190000004,13.0,367,L
-8.0,-1.0641016150000002,13.0,368,L
-10.0,0.667949192,13.0,369,L
-9.5,-0.19807621100000006,13.0,370,L
-8.5,-0.19807621100000006,13.0,371,L
-8.0,0.667949192,13.0,372,L
-10.0,2.4,13.0,373,L
-9.5,1.5339745959999997,13.0,374,L
-8.5,1.5339745959999997,13.0,375,L
-8.0,2.4,13.0,376,L
-10.0,4.132050808000001,13.0,377,L
-9.5,3.2660254040000005,13.0,378,L
-8.5,3.2660254040000005,13.0,379,L
-8.0,4.132050808000001,13.0,380,L
-10.0,5.864101615000001,13.0,381,L
-9.5,4.998076210999999,13.0,382,L
-8.5,4.998076210999999,13.0,383,L
-8.0,5.864101615000001,13.0,384,L
-10.0,7.5961524229999995,13.0,385,L
-9.5,6.7301270189999975,13.0,386,L
-8.5,6.7301270189999975,13.0,387,L
-8.0,7.5961524229999995,13.0,388,L
-10.0,9.32820323,13.0,389,L
-9.5,8.462177825999998,13.0,390,L
-8.5,8.462177825999998,13.0,391,L
-8.0,9.32820323,13.0,392,L
-10.0,11.060254037999997,13.0,393,L
-9.5,10.194228633999998,13.0,394,L
-8.5,10.194228633999998,13.0,395,L
-8.0,11.060254037999997,13.0,396,L
-10.0,12.79230485,13.0,397,L
-9.5,11.926279441999998,13.0,398,L
-8.5,11.926279441999998,13.0,399,L
-8.0,12.79230485,13.0,400,L
-10.0,14.524355649999997,13.0,401,L
-9.5,13.658330249999999,13.0,402,L
-8.5,13.658330249999999,13.0,403,L
-8.0,14.524355649999997,13.0,404,L
-10.0,16.25640646,13.0,405,L
-9.5,15.39038106,13.0,406,L
-8.5,15.39038106,13.0,407,L
-8.0,16.25640646,13.0,408,L
-7.0,-11.456406460000002,13.0,409,L
-6.5,-12.322431860000002,13.0,410,L
-5.5,-12.322431860000002,13.0,411,L
-5.0,-11.456406460000002,13.0,412,L
-7.0,-9.724355650000001,13.0,413,L
-6.5,-10.590381060000002,13.0,414,L
-5.5,-10.590381060000002,13.0,415,L
-5.0,-9.724355650000001,13.0,416,L
-7.0,-7.992304850000002,13.0,417,L
-6.5,-8.858330250000002,13.0,418,L
-5.5,-8.858330250000002,13.0,419,L
-5.0,-7.992304850000002,13.0,420,L
-7.0,-6.260254038000001,13.0,421,L
-6.5,-7.126279442000001,13.0,422,L
-5.5,-7.126279442000001,13.0,423,L
-5.0,-6.260254038000001,13.0,424,L
-7.0,-4.528203230000003,13.0,425,L
-6.5,-5.394228634000003,13.0,426,L
-5.5,-5.394228634000003,13.0,427,L
-5.0,-4.528203230000003,13.0,428,L
-7.0,-2.7961524230000023,13.0,429,L
-6.5,-3.6621778260000006,13.0,430,L
-5.5,-3.6621778260000006,13.0,431,L
-5.0,-2.7961524230000023,13.0,432,L
-7.0,-1.0641016150000002,13.0,433,L
-6.5,-1.9301270190000004,13.0,434,L
-5.5,-1.9301270190000004,13.0,435,L
-5.0,-1.0641016150000002,13.0,436,L
-7.0,0.667949192,13.0,437,L
-6.5,-0.19807621100000006,13.0,438,L
-5.5,-0.19807621100000006,13.0,439,L
-5.0,0.667949192,13.0,440,L
-7.0,2.4,13.0,441,L
-6.5,1.5339745959999997,13.0,442,L
-5.5,1.5339745959999997,13.0,443,L
-5.0,2.4,13.0,444,L
-7.0,4.132050808000001,13.0,445,L
-6.5,3.2660254040000005,13.0,446,L
-5.5,3.2660254040000005,13.0,447,L
-5.0,4.132050808000001,13.0,448,L
-7.0,5.864101615000001,13.0,449,L
-6.5,4.998076210999999,13.0,450,L
-5.5,4.998076210999999,13.0,451,L
-5.0,5.864101615000001,13.0,452,L
-7.0,7.5961524229999995,13.0,453,L
-6.5,6.7301270189999975,13.0,454,L
-5.5,6.7301270189999975,13.0,455,L
-5.0,7.5961524229999995,13.0,456,L
-7.0,9.32820323,13.0,457,L
-6.5,8.462177825999998,13.0,458,L
-5.5,8.462177825999998,13.0,459,L
-5.0,9.32820323,13.0,460,L
-7.0,11.060254037999997,13.0,461,L
-6.5,10.194228633999998,13.0,462,L
-5.5,10.194228633999998,13.0,463,L
-5.0,11.060254037999997,13.0,464,L
-7.0,12.79230485,13.0,465,L
-6.5,11.926279441999998,13.0,466,L
-5.5,11.926279441999998,13.0,467,L
-5.0,12.79230485,13.0,468,L
-7.0,14.524355649999997,13.0,469,L
-6.5,13.658330249999999,13.0,470,L
-5.5,13.658330249999999,13.0,471,L
-5.0,14.524355649999997,13.0,472,L
-7.0,16.25640646,13.0,473,L
-6.5,15.39038106,13.0,474,L
-5.5,15.39038106,13.0,475,L
-5.0,16.25640646,13.0,476,L
-4.0,-11.456406460000002,13.0,477,L
-3.5,-12.322431860000002,13.0,478,L
-2.5,-12.322431860000002,13.0,479,L
-2.0,-11.456406460000002,13.0,480,L
-4.0,-9.724355650000001,13.0,481,L
-3.5,-10.590381060000002,13.0,482,L
-2.5,-10.590381060000002,13.0,483,L
-2.0,-9.724355650000001,13.0,484,L
-4.0,-7.992304850000002,13.0,485,L
-3.5,-8.858330250000002,13.0,486,L
-2.5,-8.858330250000002,13.0,487,L
-2.0,-7.992304850000002,13.0,488,L
-4.0,-6.260254038000001,13.0,489,L
-3.5,-7.126279442000001,13.0,490,L
-2.5,-7.126279442000001,13.0,491,L
-2.0,-6.260254038000001,13.0,492,L
-4.0,-4.528203230000003,13.0,493,L
-3.5,-5.394228634000003,13.0,494,L
-2.5,-5.394228634000003,13.0,495,L
-2.0,-4.528203230000003,13.0,496,L
-4.0,-2.7961524230000023,13.0,497,L
-3.5,-3.6621778260000006,13.0,498,L
-2.5,-3.6621778260000006,13.0,499,L
-2.0,-2.7961524230000023,13.0,500,L
-4.0,-1.0641016150000002,13.0,501,L
-3.5,-1.9301270190000004,13.0,502,L
-2.5,-1.9301270190000004,13.0,503,L
-2.0,-1.0641016150000002,13.0,504,L
-4.0,0.667949192,13.0,505,L
-3.5,-0.19807621100000006,13.0,506,L
-2.5,-0.19807621100000006,13.0,507,L
-2.0,0.667949192,13.0,508,L
-4.0,2.4,13.0,509,L
-3.5,1.5339745959999997,13.0,510,L
-2.5,1.5339745959999997,13.0,511,L
-2.0,2.4,13.0,512,L
-4.0,4.132050808000001,13.0,513,L
-3.5,3.2660254040000005,13.0,514,L
-2.5,3.2660254040000005,13.0,515,L
-2.0,4.132050808000001,13.0,516,L
-4.0,5.864101615000001,13.0,517,L
-3.5,4.998076210999999,13.0,518,L
-2.5,4.998076210999999,13.0,519,L
-2.0,5.864101615000001,13.0,520,L
-4.0,7.5961524229999995,13.0,521,L
-3.5,6.7301270189999975,13.0,522,L
-2.5,6.7301270189999975,13.0,523,L
-2.0,7.5961524229999995,13.0,524,L
-4.0,9.32820323,13.0,525,L
-3.5,8.462177825999998,13.0,526,L
-2.5,8.462177825999998,13.0,527,L
-2.0,9.32820323,13.0,528,L
-4.0,11.060254037999997,13.0,529,L
-3.5,10.194228633999998,13.0,530,L
-2.5,10.194228633999998,13.0,531,L
-2.0,11.060254037999997,13.0,532,L
-4.0,12.79230485,13.0,533,L
-3.5,11.926279441999998,13.0,534,L
-2.5,11.926279441999998,13.0,535,L
-2.0,12.79230485,13.0,536,L
-4.0,14.524355649999997,13.0,537,L
-3.5,13.658330249999999,13.0,538,L
-2.5,13.658330249999999,13.0,539,L
-2.0,14.524355649999997,13.0,540,L
-4.0,16.25640646,13.0,541,L
-3.5,15.39038106,13.0,542,L
-2.5,15.39038106,13.0,543,L
-2.0,16.25640646,13.0,544,L
-1.0,-11.456406460000002,13.0,545,L
-0.5,-12.322431860000002,13.0,546,L
0.5,-12.322431860000002,13.0,547,L
1.0,-11.456406460000002,13.0,548,L
-1.0,-9.724355650000001,13.0,549,L
-0.5,-10.590381060000002,13.0,550,L
0.5,-10.590381060000002,13.0,551,L
1.0,-9.724355650000001,13.0,552,L
-1.0,-7.992304850000002,13.0,553,L
-0.5,-8.858330250000002,13.0,554,L
0.5,-8.858330250000002,13.0,555,L
1.0,-7.992304850000002,13.0,556,L
-1.0,-6.260254038000001,13.0,557,L
-0.5,-7.126279442000001,13.0,558,L
0.5,-7.126279442000001,13.0,559,L
1.0,-6.260254038000001,13.0,560,L
-1.0,-4.528203230000003,13.0,561,L
-0.5,-5.394228634000003,13.0,562,L
0.5,-5.394228634000003,13.0,563,L
1.0,-4.528203230000003,13.0,564,L
-1.0,-2.7961524230000023,13.0,565,L
-0.5,-3.6621778260000006,13.0,566,L
0.5,-3.6621778260000006,13.0,567,L
1.0,-2.7961524230000023,13.0,568,L
-1.0,-1.0641016150000002,13.0,569,L
-0.5,-1.9301270190000004,13.0,570,L
0.5,-1.9301270190000004,13.0,571,L
1.0,-1.0641016150000002,13.0,572,L
-1.0,0.667949192,13.0,573,L
-0.5,-0.19807621100000006,13.0,574,L
0.5,-0.19807621100000006,13.0,575,L
1.0,0.667949192,13.0,576,L
-1.0,2.4,13.0,577,L
-0.5,1.5339745959999997,13.0,578,L
0.5,1.5339745959999997,13.0,579,L
1.0,2.4,13.0,580,L
-1.0,4.132050808000001,13.0,581,L
-0.5,3.2660254040000005,13.0,582,L
0.5,3.2660254040000005,13.0,583,L
1.0,4.132050808000001,13.0,584,L
-1.0,5.864101615000001,13.0,585,L
-0.5,4.998076210999999,13.0,586,L
0.5,4.998076210999999,13.0,587,L
1.0,5.864101615000001,13.0,588,L
-1.0,7.5961524229999995,13.0,589,L
-0.5,6.7301270189999975,13.0,590,L
0.5,6.7301270189999975,13.0,591,L
1.0,7.5961524229999995,13.0,592,L
-1.0,9.32820323,13.0,593,L
-0.5,8.462177825999998,13.0,594,L
0.5,8.462177825999998,13.0,595,L
1.0,9.32820323,13.0,596,L
-1.0,11.060254037999997,13.0,597,L
-0.5,10.194228633999998,13.0,598,L
0.5,10.194228633999998,13.0,599,L
1.0,11.060254037999997,13.0,600,L
-1.0,12.79230485,13.0,601,L
-0.5,11.926279441999998,13.0,602,L
0.5,11.926279441999998,13.0,603,L
1.0,12.79230485,13.0,604,L
-1.0,14.524355649999997,13.0,605,L
-0.5,13.658330249999999,13.0,606,L
0.5,13.658330249999999,13.0,607,L
1.0,14.524355649999997,13.0,608,L
-1.0,16.25640646,13.0,609,L
-0.5,15.39038106,13.0,610,L
0.5,15.39038106,13.0,611,L
1.0,16.25640646,13.0,612,L
2.0,-11.456406460000002,13.0,613,L
2.5,-12.322431860000002,13.0,614,L
3.5,-12.322431860000002,13.0,615,L
4.0,-11.456406460000002,13.0,616,L
2.0,-9.724355650000001,13.0,617,L
2.5,-10.590381060000002,13.0,618,L
3.5,-10.590381060000002,13.0,619,L
4.0,-9.724355650000001,13.0,620,L
2.0,-7.992304850000002,13.0,621,L
2.5,-8.858330250000002,13.0,622,L
3.5,-8.858330250000002,13.0,623,L
4.0,-7.992304850000002,13.0,624,L
2.0,-6.260254038000001,13.0,625,L
2.5,-7.126279442000001,13.0,626,L
3.5,-7.126279442000001,13.0,627,L
4.0,-6.260254038000001,13.0,628,L
2.0,-4.528203230000003,13.0,629,L
2.5,-5.394228634000003,13.0,630,L
3.5,-5.394228634000003,13.0,631,L
4.0,-4.528203230000003,13.0,632,L
2.0,-2.7961524230000023,13.0,633,L
2.5,-3.6621778260000006,13.0,634,L
3.5,-3.6621778260000006,13.0,635,L
4.0,-2.7961524230000023,13.0,636,L
2.0,-1.0641016150000002,13.0,637,L
2.5,-1.9301270190000004,13.0,638,L
3.5,-1.9301270190000004,13.0,639,L
4.0,-1.0641016150000002,13.0,640,L
2.0,0.667949192,13.0,641,L
2.5,-0.19807621100000006,13.0,642,L
3.5,-0.19807621100000006,13.0,643,L
4.0,0.667949192,13.0,644,L
2.0,2.4,13.0,645,L
2.5,1.5339745959999997,13.0,646,L
3.5,1.5339745959999997,13.0,647,L
4.0,2.4,13.0,648,L
2.0,4.132050808000001,13.0,649,L
2.5,3.2660254040000005,13.0,650,L
3.5,3.2660254040000005,13.0,651,L
4.0,4.132050808000001,13.0,652,L
2.0,5.864101615000001,13.0,653,L
2.5,4.998076210999999,13.0,654,L
3.5,4.998076210999999,13.0,655,L
4.0,5.864101615000001,13.0,656,L
2.0,7.5961524229999995,13.0,657,L
2.5,6.7301270189999975,13.0,658,L
3.5,6.7301270189999975,13.0,659,L
4.0,7.5961524229999995,13.0,660,L
2.0,9.32820323,13.0,661,L
2.5,8.462177825999998,13.0,662,L
3.5,8.462177825999998,13.0,663,L
4.0,9.32820323,13.0,664,L
2.0,11.060254037999997,13.0,665,L
2.5,10.194228633999998,13.0,666,L
3.5,10.194228633999998,13.0,667,L
4.0,11.060254037999997,13.0,668,L
2.0,12.79230485,13.0,669,L
2.5,11.926279441999998,13.0,670,L
3.5,11.926279441999998,13.0,671,L
4.0,12.79230485,13.0,672,L
2.0,14.524355649999997,13.0,673,L
2.5,13.658330249999999,13.0,674,L
3.5,13.658330249999999,13.0,675,L
4.0,14.524355649999997,13.0,676,L
2.0,16.25640646,13.0,677,L
2.5,15.39038106,13.0,678,L
3.5,15.39038106,13.0,679,L
4.0,16.25640646,13.0,680,L
5.0,-11.456406460000002,13.0,681,L
5.5,-12.322431860000002,13.0,682,L
6.5,-12.322431860000002,13.0,683,L
7.0,-11.456406460000002,13.0,684,L
5.0,-9.724355650000001,13.0,685,L
5.5,-10.590381060000002,13.0,686,L
6.5,-10.590381060000002,13.0,687,L
7.0,-9.724355650000001,13.0,688,L
5.0,-7.992304850000002,13.0,689,L
5.5,-8.858330250000002,13.0,690,L
6.5,-8.858330250000002,13.0,691,L
7.0,-7.992304850000002,13.0,692,L
5.0,-6.260254038000001,13.0,693,L
5.5,-7.126279442000001,13.0,694,L
6.5,-7.126279442000001,13.0,695,L
7.0,-6.260254038000001,13.0,696,L
5.0,-4.528203230000003,13.0,697,L
5.5,-5.394228634000003,13.0,698,L
6.5,-5.394228634000003,13.0,699,L
7.0,-4.528203230000003,13.0,700,L
5.0,-2.7961524230000023,13.0,701,L
5.5,-3.6621778260000006,13.0,702,L
6.5,-3.6621778260000006,13.0,703,L
7.0,-2.7961524230000023,13.0,704,L
5.0,-1.0641016150000002,13.0,705,L
5.5,-1.9301270190000004,13.0,706,L
6.5,-1.9301270190000004,13.0,707,L
7.0,-1.0641016150000002,13.0,708,L
5.0,0.667949192,13.0,709,L
5.5,-0.19807621100000006,13.0,710,L
6.5,-0.19807621100000006,13.0,711,L
7.0,0.667949192,13.0,712,L
5.0,2.4,13.0,713,L
5.5,1.5339745959999997,13.0,714,L
6.5,1.5339745959999997,13.0,715,L
7.0,2.4,13.0,716,L
5.0,4.132050808000001,13.0,717,L
5.5,3.2660254040000005,13.0,718,L
6.5,3.2660254040000005,13.0,719,L
7.0,4.132050808000001,13.0,720,L
5.0,5.864101615000001,13.0,721,L
5.5,4.998076210999999,13.0,722,L
6.5,4.998076210999999,13.0,723,L
7.0,5.864101615000001,13.0,724,L
5.0,7.5961524229999995,13.0,725,L
5.5,6.7301270189999975,13.0,726,L
6.5,6.7301270189999975,13.0,727,L
7.0,7.5961524229999995,13.0,728,L
5.0,9.32820323,13.0,729,L
5.5,8.462177825999998,13.0,730,L
6.5,8.462177825999998,13.0,731,L
7.0,9.32820323,13.0,732,L
5.0,11.060254037999997,13.0,733,L
5.5,10.194228633999998,13.0,734,L
6.5,10.194228633999998,13.0,735,L
7.0,11.060254037999997,13.0,736,L
5.0,12.79230485,13.0,737,L
5.5,11.926279441999998,13.0,738,L
6.5,11.926279441999998,13.0,739,L
7.0,12.79230485,13.0,740,L
5.0,14.524355649999997,13.0,741,L
5.5,13.658330249999999,13.0,742,L
6.5,13.658330249999999,13.0,743,L
7.0,14.524355649999997,13.0,744,L
5.0,16.25640646,13.0,745,L
5.5,15.39038106,13.0,746,L
6.5,15.39038106,13.0,747,L
7.0,16.25640646,13.0,748,L
8.0,-11.456406460000002,13.0,749,L
8.5,-12.322431860000002,13.0,750,L
9.5,-12.322431860000002,13.0,751,L
10.0,-11.456406460000002,13.0,752,L
8.0,-9.724355650000001,13.0,753,L
8.5,-10.590381060000002,13.0,754,L
9.5,-10.590381060000002,13.0,755,L
10.0,-9.724355650000001,13.0,756,L
8.0,-7.992304850000002,13.0,757,L
8.5,-8.858330250000002,13.0,758,L
9.5,-8.858330250000002,13.0,759,L
10.0,-7.992304850000002,13.0,760,L
8.0,-6.260254038000001,13.0,761,L
8.5,-7.126279442000001,13.0,762,L
9.5,-7.126279442000001,13.0,763,L
10.0,-6.260254038000001,13.0,764,L
8.0,-4.528203230000003,13.0,765,L
8.5,-5.394228634000003,13.0,766,L
9.5,-5.394228634000003,13.0,767,L
10.0,-4.528203230000003,13.0,768,L
8.0,-2.7961524230000023,13.0,769,L
8.5,-3.6621778260000006,13.0,770,L
9.5,-3.6621778260000006,13.0,771,L
10.0,-2.7961524230000023,13.0,772,L
8.0,-1.0641016150000002,13.0,773,L
8.5,-1.9301270190000004,13.0,774,L
9.5,-1.9301270190000004,13.0,775,L
10.0,-1.0641016150000002,13.0,776,L
8.0,0.667949192,13.0,777,L
8.5,-0.19807621100000006,13.0,778,L
9.5,-0.19807621100000006,13.0,779,L
10.0,0.667949192,13.0,780,L
8.0,2.4,13.0,781,L
8.5,1.5339745959999997,13.0,782,L
9.5,1.5339745959999997,13.0,783,L
10.0,2.4,13.0,784,L
8.0,4.132050808000001,13.0,785,L
8.5,3.2660254040000005,13.0,786,L
9.5,3.2660254040000005,13.0,787,L
10.0,4.132050808000001,13.0,788,L
8.0,5.864101615000001,13.0,789,L
8.5,4.998076210999999,13.0,790,L
9.5,4.998076210999999,13.0,791,L
10.0,5.864101615000001,13.0,792,L
8.0,7.5961524229999995,13.0,793,L
8.5,6.7301270189999975,13.0,794,L
9.5,6.7301270189999975,13.0,795,L
10.0,7.5961524229999995,13.0,796,L
8.0,9.32820323,13.0,797,L
8.5,8.462177825999998,13.0,798,L
9.5,8.462177825999998,13.0,799,L
10.0,9.32820323,13.0,800,L
8.0,11.060254037999997,13.0,801,L
8.5,10.194228633999998,13.0,802,L
9.5,10.194228633999998,13.0,803,L
10.0,11.060254037999997,13.0,804,L
8.0,12.79230485,13.0,805,L
8.5,11.926279441999998,13.0,806,L
9.5,11.926279441999998,13.0,807,L
10.0,12.79230485,13.0,808,L
8.0,14.524355649999997,13.0,809,L
8.5,13.658330249999999,13.0,810,L
9.5,13.658330249999999,13.0,811,L
10.0,14.524355649999997,13.0,812,L
8.0,16.25640646,13.0,813,L
8.5,15.39038106,13.0,814,L
9.5,15.39038106,13.0,815,L
10.0,16.25640646,13.0,816,L
11.0,-11.456406460000002,13.0,817,L
11.5,-12.322431860000002,13.0,818,L
12.5,-12.322431860000002,13.0,819,L
13.0,-11.456406460000002,13.0,820,L
11.0,-9.724355650000001,13.0,821,L
11.5,-10.590381060000002,13.0,822,L
12.5,-10.590381060000002,13.0,823,L
13.0,-9.724355650000001,13.0,824,L
11.0,-7.992304850000002,13.0,825,L
11.5,-8.858330250000002,13.0,826,L
12.5,-8.858330250000002,13.0,827,L
13.0,-7.992304850000002,13.0,828,L
11.0,-6.260254038000001,13.0,829,L
11.5,-7.126279442000001,13.0,830,L
12.5,-7.126279442000001,13.0,831,L
13.0,-6.260254038000001,13.0,832,L
11.0,-4.528203230000003,13.0,833,L
11.5,-5.394228634000003,13.0,834,L
12.5,-5.394228634000003,13.0,835,L
13.0,-4.528203230000003,13.0,836,L
11.0,-2.7961524230000023,13.0,837,L
11.5,-3.6621778260000006,13.0,838,L
12.5,-3.6621778260000006,13.0,839,L
13.0,-2.7961524230000023,13.0,840,L
11.0,-1.0641016150000002,13.0,841,L
11.5,-1.9301270190000004,13.0,842,L
12.5,-1.9301270190000004,13.0,843,L
13.0,-1.0641016150000002,13.0,844,L
11.0,0.667949192,13.0,845,L
11.5,-0.19807621100000006,13.0,846,L
12.5,-0.19807621100000006,13.0,847,L
13.0,0.667949192,13.0,848,L
11.0,2.4,13.0,849,L
11.5,1.5339745959999997,13.0,850,L
12.5,1.5339745959999997,13.0,851,L
13.0,2.4,13.0,852,L
11.0,4.132050808000001,13.0,853,L
11.5,3.2660254040000005,13.0,854,L
12.5,3.2660254040000005,13.0,855,L
13.0,4.132050808000001,13.0,856,L
11.0,5.864101615000001,13.0,857,L
11.5,4.998076210999999,13.0,858,L
12.5,4.998076210999999,13.0,859,L
13.0,5.864101615000001,13.0,860,L
11.0,7.5961524229999995,13.0,861,L
11.5,6.7301270189999975,13.0,862,L
12.5,6.7301270189999975,13.0,863,L
13.0,7.5961524229999995,13.0,864,L
11.0,9.32820323,13.0,865,L
11.5,8.462177825999998,13.0,866,L
12.5,8.462177825999998,13.0,867,L
13.0,9.32820323,13.0,868,L
11.0,11.060254037999997,13.0,869,L
11.5,10.194228633999998,13.0,870,L
12.5,10.194228633999998,13.0,871,L
13.0,11.060254037999997,13.0,872,L
11.0,12.79230485,13.0,873,L
11.5,11.926279441999998,13.0,874,L
12.5,11.926279441999998,13.0,875,L
13.0,12.79230485,13.0,876,L
11.0,14.524355649999997,13.0,877,L
11.5,13.658330249999999,13.0,878,L
12.5,13.658330249999999,13.0,879,L
13.0,14.524355649999997,13.0,880,L
11.0,16.25640646,13.0,881,L
11.5,15.39038106,13.0,882,L
12.5,15.39038106,13.0,883,L
13.0,16.25640646,13.0,884,L
14.0,-11.456406460000002,13.0,885,L
14.5,-12.322431860000002,13.0,886,L
15.5,-12.322431860000002,13.0,887,L
16.0,-11.456406460000002,13.0,888,L
14.0,-9.724355650000001,13.0,889,L
14.5,-10.590381060000002,13.0,890,L
15.5,-10.590381060000002,13.0,891,L
16.0,-9.724355650000001,13.0,892,L
14.0,-7.992304850000002,13.0,893,L
14.5,-8.858330250000002,13.0,894,L
15.5,-8.858330250000002,13.0,895,L
16.0,-7.992304850000002,13.0,896,L
14.0,-6.260254038000001,13.0,897,L
14.5,-7.126279442000001,13.0,898,L
15.5,-7.126279442000001,13.0,899,L
16.0,-6.260254038000001,13.0,900,L
14.0,-4.528203230000003,13.0,901,L
14.5,-5.394228634000003,13.0,902,L
15.5,-5.394228634000003,13.0,903,L
16.0,-4.528203230000003,13.0,904,L
14.0,-2.7961524230000023,13.0,905,L
14.5,-3.6621778260000006,13.0,906,L
15.5,-3.6621778260000006,13.0,907,L
16.0,-2.7961524230000023,13.0,908,L
14.0,-1.0641016150000002,13.0,909,L
14.5,-1.9301270190000004,13.0,910,L
15.5,-1.9301270190000004,13.0,911,L
16.0,-1.0641016150000002,13.0,912,L
14.0,0.667949192,13.0,913,L
14.5,-0.19807621100000006,13.0,914,L
15.5,-0.19807621100000006,13.0,915,L
16.0,0.667949192,13.0,916,L
14.0,2.4,13.0,917,L
14.5,1.5339745959999997,13.0,918,L
15.5,1.5339745959999997,13.0,919,L
16.0,2.4,13.0,920,L
14.0,4.132050808000001,13.0,921,L
14.5,3.2660254040000005,13.0,922,L
15.5,3.2660254040000005,13.0,923,L
16.0,4.132050808000001,13.0,924,L
14.0,5.864101615000001,13.0,925,L
14.5,4.998076210999999,13.0,926,L
15.5,4.998076210999999,13.0,927,L
16.0,5.864101615000001,13.0,928,L
14.0,7.5961524229999995,13.0,929,L
14.5,6.7301270189999975,13.0,930,L
15.5,6.7301270189999975,13.0,931,L
16.0,7.5961524229999995,13.0,932,L
14.0,9.32820323,13.0,933,L
14.5,8.462177825999998,13.0,934,L
15.5,8.462177825999998,13.0,935,L
16.0,9.32820323,13.0,936,L
14.0,11.060254037999997,13.0,937,L
14.5,10.194228633999998,13.0,938,L
15.5,10.194228633999998,13.0,939,L
16.0,11.060254037999997,13.0,940,L
14.0,12.79230485,13.0,941,L
14.5,11.926279441999998,13.0,942,L
15.5,11.926279441999998,13.0,943,L
16.0,12.79230485,13.0,944,L
14.0,14.524355649999997,13.0,945,L
14.5,13.658330249999999,13.0,946,L
15.5,13.658330249999999,13.0,947,L
16.0,14.524355649999997,13.0,948,L
14.0,16.25640646,13.0,949,L
14.5,15.39038106,13.0,950,L
15.5,15.39038106,13.0,951,L
16.0,16.25640646,13.0,952,L
17.0,-11.456406460000002,13.0,953,L
17.5,-12.322431860000002,13.0,954,L
18.5,-12.322431860000002,13.0,955,L
19.0,-11.456406460000002,13.0,956,L
17.0,-9.724355650000001,13.0,957,L
17.5,-10.590381060000002,13.0,958,L
18.5,-10.590381060000002,13.0,959,L
19.0,-9.724355650000001,13.0,960,L
17.0,-7.992304850000002,13.0,961,L
17.5,-8.858330250000002,13.0,962,L
18.5,-8.858330250000002,13.0,963,L
19.0,-7.992304850000002,13.0,964,L
17.0,-6.260254038000001,13.0,965,L
17.5,-7.126279442000001,13.0,966,L
18.5,-7.126279442000001,13.0,967,L
19.0,-6.260254038000001,13.0,968,L
17.0,-4.528203230000003,13.0,969,L
17.5,-5.394228634000003,13.0,970,L
18.5,-5.394228634000003,13.0,971,L
19.0,-4.528203230000003,13.0,972,L
17.0,-2.7961524230000023,13.0,973,L
17.5,-3.6621778260000006,13.0,974,L
18.5,-3.6621778260000006,13.0,975,L
19.0,-2.7961524230000023,13.0,976,L
17.0,-1.0641016150000002,13.0,977,L
17.5,-1.9301270190000004,13.0,978,L
18.5,-1.9301270190000004,13.0,979,L
19.0,-1.0641016150000002,13.0,980,L
17.0,0.667949192,13.0,981,L
17.5,-0.19807621100000006,13.0,982,L
18.5,-0.19807621100000006,13.0,983,L
19.0,0.667949192,13.0,984,L
17.0,2.4,13.0,985,L
17.5,1.5339745959999997,13.0,986,L
18.5,1.5339745959999997,13.0,987,L
19.0,2.4,13.0,988,L
17.0,4.132050808000001,13.0,989,L
17.5,3.2660254040000005,13.0,990,L
18.5,3.2660254040000005,13.0,991,L
19.0,4.132050808000001,13.0,992,L
17.0,5.864101615000001,13.0,993,L
17.5,4.998076210999999,13.0,994,L
18.5,4.998076210999999,13.0,995,L
19.0,5.864101615000001,13.0,996,L
17.0,7.5961524229999995,13.0,997,L
17.5,6.7301270189999975,13.0,998,L
18.5,6.7301270189999975,13.0,999,L
19.0,7.5961524229999995,13.0,1000,L
17.0,9.32820323,13.0,1001,L
17.5,8.462177825999998,13.0,1002,L
18.5,8.462177825999998,13.0,1003,L
19.0,9.32820323,13.0,1004,L
17.0,11.060254037999997,13.0,1005,L
17.5,10.194228633999998,13.0,1006,L
18.5,10.194228633999998,13.0,1007,L
19.0,11.060254037999997,13.0,1008,L
17.0,12.79230485,13.0,1009,L
17.5,11.926279441999998,13.0,1010,L
18.5,11.926279441999998,13.0,1011,L
19.0,12.79230485,13.0,1012,L
17.0,14.524355649999997,13.0,1013,L
17.5,13.658330249999999,13.0,1014,L
18.5,13.658330249999999,13.0,1015,L
19.0,14.524355649999997,13.0,1016,L
17.0,16.25640646,13.0,1017,L
17.5,15.39038106,13.0,1018,L
18.5,15.39038106,13.0,1019,L
19.0,16.25640646,13.0,1020,L
20.0,-11.456406460000002,13.0,1021,L
20.5,-12.322431860000002,13.0,1022,L
21.5,-12.322431860000002,13.0,1023,L
22.0,-11.456406460000002,13.0,1024,L
20.0,-9.724355650000001,13.0,1025,L
20.5,-10.590381060000002,13.0,1026,L
21.5,-10.590381060000002,13.0,1027,L
22.0,-9.724355650000001,13.0,1028,L
20.0,-7.992304850000002,13.0,1029,L
20.5,-8.858330250000002,13.0,1030,L
21.5,-8.858330250000002,13.0,1031,L
22.0,-7.992304850000002,13.0,1032,L
20.0,-6.260254038000001,13.0,1033,L
20.5,-7.126279442000001,13.0,1034,L
21.5,-7.126279442000001,13.0,1035,L
22.0,-6.260254038000001,13.0,1036,L
20.0,-4.528203230000003,13.0,1037,L
20.5,-5.394228634000003,13.0,1038,L
21.5,-5.394228634000003,13.0,1039,L
22.0,-4.528203230000003,13.0,1040,L
20.0,-2.7961524230000023,13.0,1041,L
20.5,-3.6621778260000006,13.0,1042,L
21.5,-3.6621778260000006,13.0,1043,L
22.0,-2.7961524230000023,13.0,1044,L
20.0,-1.0641016150000002,13.0,1045,L
20.5,-1.9301270190000004,13.0,1046,L
21.5,-1.9301270190000004,13.0,1047,L
22.0,-1.0641016150000002,13.0,1048,L
20.0,0.667949192,13.0,1049,L
20.5,-0.19807621100000006,13.0,1050,L
21.5,-0.19807621100000006,13.0,1051,L
22.0,0.667949192,13.0,1052,L
20.0,2.4,13.0,1053,L
20.5,1.5339745959999997,13.0,1054,L
21.5,1.5339745959999997,13.0,1055,L
22.0,2.4,13.0,1056,L
20.0,4.132050808000001,13.0,1057,L
20.5,3.2660254040000005,13.0,1058,L
21.5,3.2660254040000005,13.0,1059,L
22.0,4.132050808000001,13.0,1060,L
20.0,5.864101615000001,13.0,1061,L
20.5,4.998076210999999,13.0,1062,L
21.5,4.998076210999999,13.0,1063,L
22.0,5.864101615000001,13.0,1064,L
20.0,7.5961524229999995,13.0,1065,L
20.5,6.7301270189999975,13.0,1066,L
21.5,6.7301270189999975,13.0,1067,L
22.0,7.5961524229999995,13.0,1068,L
20.0,9.32820323,13.0,1069,L
20.5,8.462177825999998,13.0,1070,L
21.5,8.462177825999998,13.0,1071,L
22.0,9.32820323,13.0,1072,L
20.0,11.060254037999997,13.0,1073,L
20.5,10.194228633999998,13.0,1074,L
21.5,10.194228633999998,13.0,1075,L
22.0,11.060254037999997,13.0,1076,L
20.0,12.79230485,13.0,1077,L
20.5,11.926279441999998,13.0,1078,L
21.5,11.926279441999998,13.0,1079,L
22.0,12.79230485,13.0,1080,L
20.0,14.524355649999997,13.0,1081,L
20.5,13.658330249999999,13.0,1082,L
21.5,13.658330249999999,13.0,1083,L
22.0,14.524355649999997,13.0,1084,L
20.0,16.25640646,13.0,1085,L
20.5,15.39038106,13.0,1086,L
21.5,15.39038106,13.0,1087,L
22.0,16.25640646,13.0,1088,L
23.0,-11.456406460000002,13.0,1089,L
23.5,-12.322431860000002,13.0,1090,L
24.5,-12.322431860000002,13.0,1091,L
25.0,-11.456406460000002,13.0,1092,L
23.0,-9.724355650000001,13.0,1093,L
23.5,-10.590381060000002,13.0,1094,L
24.5,-10.590381060000002,13.0,1095,L
25.0,-9.724355650000001,13.0,1096,L
23.0,-7.992304850000002,13.0,1097,L
23.5,-8.858330250000002,13.0,1098,L
24.5,-8.858330250000002,13.0,1099,L
25.0,-7.992304850000002,13.0,1100,L
23.0,-6.260254038000001,13.0,1101,L
23.5,-7.126279442000001,13.0,1102,L
24.5,-7.126279442000001,13.0,1103,L
25.0,-6.260254038000001,13.0,1104,L
23.0,-4.528203230000003,13.0,1105,L
23.5,-5.394228634000003,13.0,1106,L
24.5,-5.394228634000003,13.0,1107,L
25.0,-4.528203230000003,13.0,1108,L
23.0,-2.7961524230000023,13.0,1109,L
23.5,-3.6621778260000006,13.0,1110,L
24.5,-3.6621778260000006,13.0,1111,L
25.0,-2.7961524230000023,13.0,1112,L
23.0,-1.0641016150000002,13.0,1113,L
23.5,-1.9301270190000004,13.0,1114,L
24.5,-1.9301270190000004,13.0,1115,L
25.0,-1.0641016150000002,13.0,1116,L
23.0,0.667949192,13.0,1117,L
23.5,-0.19807621100000006,13.0,1118,L
24.5,-0.19807621100000006,13.0,1119,L
25.0,0.667949192,13.0,1120,L
23.0,2.4,13.0,1121,L
23.5,1.5339745959999997,13.0,1122,L
24.5,1.5339745959999997,13.0,1123,L
25.0,2.4,13.0,1124,L
23.0,4.132050808000001,13.0,1125,L
23.5,3.2660254040000005,13.0,1126,L
24.5,3.2660254040000005,13.0,1127,L
25.0,4.132050808000001,13.0,1128,L
23.0,5.864101615000001,13.0,1129,L
23.5,4.998076210999999,13.0,1130,L
24.5,4.998076210999999,13.0,1131,L
25.0,5.864101615000001,13.0,1132,L
23.0,7.5961524229999995,13.0,1133,L
23.5,6.7301270189999975,13.0,1134,L
24.5,6.7301270189999975,13.0,1135,L
25.0,7.5961524229999995,13.0,1136,L
23.0,9.32820323,13.0,1137,L
23.5,8.462177825999998,13.0,1138,L
24.5,8.462177825999998,13.0,1139,L
25.0,9.32820323,13.0,1140,L
23.0,11.060254037999997,13.0,1141,L
23.5,10.194228633999998,13.0,1142,L
24.5,10.194228633999998,13.0,1143,L
25.0,11.060254037999997,13.0,1144,L
23.0,12.79230485,13.0,1145,L
23.5,11.926279441999998,13.0,1146,L
24.5,11.926279441999998,13.0,1147,L
25.0,12.79230485,13.0,1148,L
23.0,14.524355649999997,13.0,1149,L
23.5,13.658330249999999,13.0,1150,L
24.5,13.658330249999999,13.0,1151,L
25.0,14.524355649999997,13.0,1152,L
23.0,16.25640646,13.0,1153,L
23.5,15.39038106,13.0,1154,L
24.5,15.39038106,13.0,1155,L
25.0,16.25640646,13.0,1156,L
-24.225785916019433,-16.69378632127641,13.0,1,R
-23.710747840076547,-17.55095362193443,13.0,2,R
-22.710900149249067,-17.53350122019333,13.0,3,R
-22.226090522779927,-16.658881509682608,13.0,4,R
-24.256014367229664,-14.961999319955748,13.0,5,R
-23.740976301134857,-15.819166618877286,13.0,6,R
-22.741128598722817,-15.801714209024588,13.0,7,R
-22.256318982101757,-14.92709449677739,13.0,8,R
-24.286242826551504,-13.230212307050524,13.0,9,R
-23.771204750608607,-14.087379607708545,13.0,10,R
-22.771357058044646,-14.069927196119364,13.0,11,R
-22.28654743331198,-13.195307495456724,13.0,12,R
-24.316471276025258,-11.498425295881788,13.0,13,R
-23.801433200082354,-12.355592596539807,13.0,14,R
-22.80158550925488,-12.338140194798704,13.0,15,R
-22.31677589263382,-11.463520482551502,13.0,16,R
-24.346699737083565,-9.76663829282464,13.0,17,R
-23.83166166114067,-10.623805593482663,13.0,18,R
-22.831813968576707,-10.606353181893482,13.0,19,R
-22.34700434384405,-9.731733481230846,13.0,20,R
-24.376928186904617,-8.034851283625517,13.0,21,R
-23.86189011061442,-8.892018582313922,13.0,22,R
-22.86204241978695,-8.87456618057282,13.0,23,R
-22.377232803339528,-7.999946469310431,13.0,24,R
-24.407156646921035,-6.303064274659528,13.0,25,R
-23.892118570978138,-7.16023157531755,13.0,26,R
-22.89227086943434,-7.14277917038889,13.0,27,R
-22.40746125350787,-6.268159462080922,13.0,28,R
-24.43738509708938,-4.571277267430018,13.0,29,R
-23.922347021146486,-5.4284445680880395,13.0,30,R
-22.92249932945077,-5.4109921614229,13.0,31,R
-22.43768970367621,-4.536372454851412,13.0,32,R
-24.4676135571058,-2.839490258464029,13.0,33,R
-23.952575481336556,-3.6966575601068583,13.0,34,R
-22.952727779619114,-3.6792051541933914,13.0,35,R
-22.46791816386628,-2.804585446870231,13.0,36,R
-24.49784200744779,-1.1077032522193284,13.0,37,R
-23.9828039315049,-1.9648705528773491,13.0,38,R
-22.982956239635534,-1.9474181452274013,13.0,39,R
-22.498146614034628,-1.0727984396407217,13.0,40,R
-24.528070467464218,0.6240837567466624,13.0,41,R
-24.013032391521325,-0.23308354391135966,13.0,42,R
-23.01318468997753,-0.21563113898270103,13.0,43,R
-22.528375074051056,0.6589885693252668,13.0,44,R
-24.55829891763256,2.3558707639761707,13.0,45,R
-24.04326084168967,1.4987034633181495,13.0,46,R
-23.043413149993953,1.5161558699832898,13.0,47,R
-22.558603524219404,2.390775576554778,13.0,48,R
-24.588527367800904,4.087657771205679,13.0,49,R
-24.07348930170609,3.23049047228414,13.0,50,R
-23.07364160016229,3.247942877212798,13.0,51,R
-22.58883198423582,4.122562585520768,13.0,52,R
-24.61875582781732,5.819444780171668,13.0,53,R
-24.10371775204808,4.9622774785288435,13.0,54,R
-23.103870060178714,4.979729886178788,13.0,55,R
-22.61906043457781,5.8543495917654695,13.0,56,R
-24.648984277985676,7.551231787401179,13.0,57,R
-24.13394620221642,6.694064485758351,13.0,58,R
-23.13409851034706,6.711516893408297,13.0,59,R
-22.649288894594232,7.586136600731454,13.0,60,R
-24.679212738175742,9.283018795382361,13.0,61,R
-24.164174662232845,8.425851494724338,13.0,62,R
-23.16432697053713,8.443303901389477,13.0,63,R
-22.67951734476258,9.317923607960967,13.0,64,R
-24.709441188344083,11.014805802611868,13.0,65,R
-24.19440311240119,10.157638501953848,13.0,66,R
-23.19455542070547,10.175090908618987,13.0,67,R
-22.709745804778997,11.049710616926955,13.0,68,R
-21.226242830215966,-16.641429098093433,13.0,69,R
-20.711204756009547,-17.49859640859953,13.0,70,R
-19.711357063445593,-17.481143997010356,13.0,71,R
-19.226547436976446,-16.606524286499635,13.0,72,R
-21.256471281426197,-14.909642096772767,13.0,73,R
-20.74143321533138,-15.766809395694308,13.0,74,R
-19.741585512919343,-15.749356985841612,13.0,75,R
-19.256775898034757,-14.87473728344249,13.0,76,R
-21.286699740748034,-13.177855083867549,13.0,77,R
-20.771661664805134,-14.035022384525568,13.0,78,R
-19.771813973977657,-14.017569982784467,13.0,79,R
-19.28700434750851,-13.142950272273747,13.0,80,R
-21.316928191958258,-11.446068082546883,13.0,81,R
-20.801890116015368,-12.303235383204907,13.0,82,R
-19.802042423451407,-12.285782971615728,13.0,83,R
-19.31723280856683,-11.411163269216605,13.0,84,R
-21.347156651280095,-9.714281069641665,13.0,85,R
-20.832118575337194,-10.571448370299684,13.0,86,R
-19.832270884509718,-10.553995968558585,13.0,87,R
-19.347461258040575,-9.679376258047867,13.0,88,R
-21.37738510179573,-7.982494064381772,13.0,89,R
-20.862347026547432,-8.839661368979021,13.0,90,R
-19.862499334157114,-8.82220895837465,13.0,91,R
-19.37768971823065,-7.9475892500666845,13.0,92,R
-21.407613561812152,-6.250707055415783,13.0,93,R
-20.892575485869262,-7.107874356073804,13.0,94,R
-19.89272778432547,-7.090421951145144,13.0,95,R
-19.40791816839899,-6.215802242837176,13.0,96,R
-21.437842011980496,-4.518920048186274,13.0,97,R
-20.92280393603761,-5.376087348844294,13.0,98,R
-19.922956244341883,-5.358634942179155,13.0,99,R
-19.438146618567334,-4.484015235607668,13.0,100,R
-21.468070471996917,-2.7871330392202838,13.0,101,R
-20.953032396227673,-3.6443003408631127,13.0,102,R
-19.953184694510227,-3.6268479349496463,13.0,103,R
-19.468375078757404,-2.7522282276264844,13.0,104,R
-21.498298922165265,-1.055346031990774,13.0,105,R
-20.983260846396014,-1.9125133336336044,13.0,106,R
-19.983413154526648,-1.895060925983656,13.0,107,R
-19.498603528925745,-1.0204412203969764,13.0,108,R
-21.528527372507252,0.6764409742539255,13.0,109,R
-21.01348930641244,-0.18072632466761362,13.0,110,R
-20.013641604694993,-0.1632739187541472,13.0,111,R
-19.528831988942173,0.7113457885690146,13.0,112,R
-21.55875583252368,2.4082279832199163,13.0,113,R
-21.043717756580783,1.5510606825618947,13.0,114,R
-20.043870064885066,1.568513089227034,13.0,115,R
-19.559060439110517,2.4431327957985225,13.0,116,R
-21.58898428269202,4.140014990449426,13.0,117,R
-21.073946206749127,3.2828476897914025,13.0,118,R
-20.07409851505341,3.3003000964565423,13.0,119,R
-19.58928889912693,4.174919804764511,13.0,120,R
-21.619212742708438,5.871801999415414,13.0,121,R
-21.104174666765548,5.014634698757394,13.0,122,R
-20.10432697506984,5.0320871054225345,13.0,123,R
-19.619517349295283,5.906706811994024,13.0,124,R
-21.649441192876786,7.603589006644922,13.0,125,R
-21.134403117107542,6.746421705002092,13.0,126,R
-20.134555425238176,6.763874112652041,13.0,127,R
-19.64974580948535,7.638493819975203,13.0,128,R
-21.679669653066856,9.335376014626107,13.0,129,R
-21.164631577123966,8.478208713968083,13.0,130,R
-20.1647838852546,8.49566112161803,13.0,131,R
-19.679974259653694,9.370280827204713,13.0,132,R
-21.709898103235197,11.067163021855615,13.0,133,R
-21.19486002729231,10.209995721197593,13.0,134,R
-20.19501233559659,10.227448127862733,13.0,135,R
-19.710202719670118,11.102067836170699,13.0,136,R
-18.22669974614897,-16.589071884758532,13.0,137,R
-17.711661670206077,-17.44623918541655,13.0,138,R
-16.711813977642123,-17.428786773827376,13.0,139,R
-16.227004352909454,-16.554167073164734,13.0,140,R
-18.256928195622727,-14.857284873589794,13.0,141,R
-17.741890119679834,-15.714452174247818,13.0,142,R
-16.74204242885235,-15.696999772506713,13.0,143,R
-16.257232812231287,-14.822380060259514,13.0,144,R
-18.287156656681038,-13.125497870532648,13.0,145,R
-17.77211858073814,-13.982665171190668,13.0,146,R
-16.77227088817418,-13.965212759601494,13.0,147,R
-16.287461263441518,-13.09059305893885,13.0,148,R
-18.317385106154788,-11.39371085936391,13.0,149,R
-17.802347030211894,-12.250878160021928,13.0,150,R
-16.80249933938442,-12.233425758280832,13.0,151,R
-16.317689722763348,-11.358806046033633,13.0,152,R
-18.347613567213102,-9.661923856306764,13.0,153,R
-17.83257549127021,-10.519091156964787,13.0,154,R
-16.832727788858165,-10.50163874711209,13.0,155,R
-16.3479181722371,-9.62701903486489,13.0,156,R
-18.377842016686856,-7.930136845138025,13.0,157,R
-17.862803940743955,-8.787304145796048,13.0,158,R
-16.862956248874593,-8.7698517381461,13.0,159,R
-16.37814663312176,-7.895232030822939,13.0,160,R
-18.40807047670327,-6.198349836172037,13.0,161,R
-17.893032400760376,-7.0555171368300575,13.0,162,R
-16.893184699216576,-7.0380647319013985,13.0,163,R
-16.408375083290107,-6.163445023593431,13.0,164,R
-18.438298926871617,-4.466562828942527,13.0,165,R
-17.923260850928717,-5.323730129600548,13.0,166,R
-16.923413159233,-5.306277722935409,13.0,167,R
-16.438603533458455,-4.431658016363922,13.0,168,R
-18.468527386888034,-2.7347758199765386,13.0,169,R
-17.95348931094514,-3.5919431206345602,13.0,170,R
-16.95364160940135,-3.5744907157059007,13.0,171,R
-16.468831993474872,-2.6998710073979324,13.0,172,R
-18.49875583705638,-1.0029888127470294,13.0,173,R
-17.98371776128714,-1.8601561143898575,13.0,174,R
-16.983870069417772,-1.8427037067399117,13.0,175,R
-16.499060443816866,-0.9680840011532306,13.0,176,R
-18.52898428739837,0.728798193497671,13.0,177,R
-18.01394622130356,-0.12836910542386848,13.0,178,R
-17.014098519586117,-0.11091669951040162,13.0,179,R
-16.529288903833287,0.7637030078127585,13.0,180,R
-18.559212747414794,2.4605852024636614,13.0,181,R
-18.0441746714719,1.6034179018056407,13.0,182,R
-17.044326979776187,1.620870308470781,13.0,183,R
-16.559517354001628,2.495490015042267,13.0,184,R
-18.589441197583135,4.192372209693171,13.0,185,R
-18.07440312164025,3.3352049090351494,13.0,186,R
-17.074555429944528,3.3526573157002906,13.0,187,R
-16.589745814018055,4.227277024008257,13.0,188,R
-18.619669657599566,5.92415921865916,13.0,189,R
-18.10463158165667,5.066991918001136,13.0,190,R
-17.104783889960956,5.084444324666277,13.0,191,R
-16.619974264186396,5.959064031237767,13.0,192,R
-18.649898107767907,7.65594622588867,13.0,193,R
-18.134860031825017,6.798778925230651,13.0,194,R
-17.135012340129293,6.816231331895789,13.0,195,R
-16.65020272420282,7.6908510402037535,13.0,196,R
-18.68012656778433,9.38773323485466,13.0,197,R
-18.165088492015084,8.530565933211832,13.0,198,R
-17.165240790297634,8.548018339125296,13.0,199,R
-16.680431174544818,9.422638046448458,13.0,200,R
-18.710355018126325,11.119520241099362,13.0,201,R
-18.195316942183425,10.262352940441339,13.0,202,R
-17.19546925031406,10.279805348091287,13.0,203,R
-16.710659623844915,11.154425058602005,13.0,204,R
-15.227156660345496,-16.536714661575555,13.0,205,R
-14.712118584402603,-17.39388196223358,13.0,206,R
-13.712270893575125,-17.376429560492475,13.0,207,R
-13.227461267105978,-16.501809849981754,13.0,208,R
-15.257385111555731,-14.804927660254895,13.0,209,R
-14.742347035612834,-15.662094960912917,13.0,210,R
-13.742499343048877,-15.644642549323734,13.0,211,R
-13.257689728164294,-14.770022846924615,13.0,212,R
-15.287613570877559,-13.073140647349673,13.0,213,R
-14.772575494934665,-13.930307948007695,13.0,214,R
-13.772727804107188,-13.912855546266593,13.0,215,R
-13.287918177638046,-13.038235835755874,13.0,216,R
-15.317842022087792,-11.34135364602901,13.0,217,R
-14.8028039461449,-12.19852094668703,13.0,218,R
-13.80295625358094,-12.181068535097854,13.0,219,R
-13.318146636959872,-11.306448822850653,13.0,220,R
-15.348070481235975,-9.60956663213898,13.0,221,R
-14.83303240546673,-10.46673393378181,13.0,222,R
-13.833184703054693,-10.449281523929113,13.0,223,R
-13.348375087996457,-9.574661820545185,13.0,224,R
-15.378298931404318,-7.877779624909472,13.0,225,R
-14.863260855635074,-8.734946926552306,13.0,226,R
-13.863413163765706,-8.717494518902354,13.0,227,R
-13.378603538164802,-7.842874813315676,13.0,228,R
-15.40852739159439,-6.145992616928291,13.0,229,R
-14.893489315651497,-7.003159917586311,13.0,230,R
-13.893641614107695,-6.985707512657655,13.0,231,R
-13.408831998181222,-6.111087804349685,13.0,232,R
-15.438755841762731,-4.414205609698782,13.0,233,R
-14.923717765819838,-5.2713729103568046,13.0,234,R
-13.923870074124117,-5.253920503691663,13.0,235,R
-13.43906044834957,-4.379300797120177,13.0,236,R
-15.468984301779154,-2.682418600732793,13.0,237,R
-14.953946225836262,-3.5395859013908133,13.0,238,R
-13.954098524292466,-3.5221334964621556,13.0,239,R
-13.469288908365993,-2.6475137881541873,13.0,240,R
-15.499212751947498,-0.9506315935032841,13.0,241,R
-14.984174676004605,-1.8077988941613055,13.0,242,R
-13.98432698430889,-1.7903464874961654,13.0,243,R
-13.499517358534337,-0.9157267809246779,13.0,244,R
-15.52944120211584,0.7811554137262231,13.0,245,R
-15.014403136194673,-0.07601188618012289,13.0,246,R
-14.014555434477233,-0.05855948026665647,13.0,247,R
-13.52974581872441,0.8160602270565058,13.0,248,R
-15.559669662305915,2.512942421707408,13.0,249,R
-15.044631586363018,1.6557751210493836,13.0,250,R
-14.044783894493653,1.6732275286993326,13.0,251,R
-13.559974268892752,2.5478472342860132,13.0,252,R
-15.589898112474255,4.244729428936916,13.0,253,R
-15.07486003653136,3.3875621282788955,13.0,254,R
-14.075012344835644,3.405014534944034,13.0,255,R
-13.590202728909173,4.279634243252005,13.0,256,R
-15.620126572490683,5.976516437902905,13.0,257,R
-15.105088496547786,5.119349137244881,13.0,258,R
-14.105240804852066,5.136801543910023,13.0,259,R
-13.620431179077517,6.0114212504815105,13.0,260,R
-15.650355022659026,7.708303445132417,13.0,261,R
-15.135316946716127,6.851136144474392,13.0,262,R
-14.135469255020412,6.868588551139533,13.0,263,R
-13.65065963909394,7.743208259447499,13.0,264,R
-15.680583482675445,9.440090454098405,13.0,265,R
-15.165545406732553,8.58292315344038,13.0,266,R
-14.16569770518876,8.600375558369041,13.0,267,R
-13.680888089435932,9.4749952656922,13.0,268,R
-15.710811933017439,11.171877460343104,13.0,269,R
-15.195773857074547,10.314710159685085,13.0,270,R
-14.19592616520518,10.332162567335036,13.0,271,R
-13.711116539777922,11.206782271936905,13.0,272,R
-12.227613576278507,-16.484357448240655,13.0,273,R
-11.712575500335609,-17.34152474889867,13.0,274,R
-10.712727803832417,-17.324072338004093,13.0,275,R
-10.227918185008603,-16.44945263629956,13.0,276,R
-12.257842025752254,-14.75257043707192,13.0,277,R
-11.74280395374859,-15.60973773703535,13.0,278,R
-10.742956259966688,-15.592285335815191,13.0,279,R
-10.258146638421588,-14.71766562443623,13.0,280,R
-12.288070485074087,-13.020783424166698,13.0,281,R
-11.773032410867673,-13.877950734672796,13.0,282,R
-10.773184713379674,-13.860498323951855,13.0,283,R
-10.28837509281938,-12.985878612399251,13.0,284,R
-12.318298936284318,-11.288996422846035,13.0,285,R
-11.803260860341423,-12.146163723504054,13.0,286,R
-10.803413167777464,-12.128711311914874,13.0,287,R
-10.318603547968843,-11.254091610383997,13.0,288,R
-12.348527396127087,-9.557209412895237,13.0,289,R
-11.833489319663254,-10.414376710598834,13.0,290,R
-10.833641622579634,-10.396924307930007,13.0,291,R
-10.348832002713928,-9.52230460031663,13.0,292,R
-12.378755846295435,-7.8254224056657264,13.0,293,R
-11.863717770526192,-8.682589707308557,13.0,294,R
-10.863870078656825,-8.66513729965861,13.0,295,R
-10.379060456995155,-7.790517593377338,13.0,296,R
-12.408984306485507,-6.093635397684546,13.0,297,R
-11.893946230542612,-6.950802698342567,13.0,298,R
-10.894098528825168,-6.933350292429101,13.0,299,R
-10.409288913072341,-6.058730585105939,13.0,300,R
-12.43921275665385,-4.3618483904550365,13.0,301,R
-11.924174680710959,-5.219015691113057,13.0,302,R
-10.924326989015237,-5.201563284447918,13.0,303,R
-10.439517363240688,-4.326943577876431,13.0,304,R
-12.469441206822196,-2.630061383225528,13.0,305,R
-11.95440314072738,-3.4872286821470673,13.0,306,R
-10.954555439183581,-3.4697762772184104,13.0,307,R
-10.469745823257112,-2.5951565689104417,13.0,308,R
-12.499669666838619,-0.8982743742595376,13.0,309,R
-11.984631590895722,-1.7554416749175585,13.0,310,R
-10.984783899200005,-1.7379892682524187,13.0,311,R
-10.499974273425453,-0.8633695616809323,13.0,312,R
-12.529898117006962,0.8335126329699709,13.0,313,R
-12.014860041064066,-0.023654667688049802,13.0,314,R
-11.01501234936835,-0.006202261022909994,13.0,315,R
-10.530202733441879,0.8684174472850568,13.0,316,R
-12.560126577023386,2.565299641935961,13.0,317,R
-12.04508850125414,1.7081323402931319,13.0,318,R
-11.04524080938477,1.725584747943078,13.0,319,R
-10.56043118378387,2.60020445352976,13.0,320,R
-12.590355027365376,4.297086648180662,13.0,321,R
-12.075316951422483,3.4399193475226406,13.0,322,R
-11.075469259553113,3.4573717551725878,13.0,323,R
-10.590659643800292,4.331991462495749,13.0,324,R
-12.620583487381799,6.0288736571466535,13.0,325,R
-12.105545411438904,5.171706356488629,13.0,326,R
-11.105697719743183,5.18915876315377,13.0,327,R
-10.620888093968633,6.063778469725257,13.0,328,R
-12.650811937550145,7.760660664376157,13.0,329,R
-12.135773861607246,6.903493363718139,13.0,330,R
-11.135926169911532,6.920945770383277,13.0,331,R
-10.651116553985059,7.795565478691248,13.0,332,R
-12.681040397566564,9.492447673342149,13.0,333,R
-12.166002321623669,8.635280372684129,13.0,334,R
-11.166154620079876,8.652732777612783,13.0,335,R
-10.681345004153401,9.527352485920753,13.0,336,R
-12.711268847213963,11.224234683526083,13.0,337,R
-12.19623077127107,10.367067382868061,13.0,338,R
-11.196383080443596,10.38451978460916,13.0,339,R
-10.711573453974449,11.259139495119875,13.0,340,R
-9.228070488505413,-16.43200022540498,13.0,341,R
-8.713032413547332,-17.28916752588935,13.0,342,R
-7.713184719765428,-17.271715124669193,13.0,343,R
-7.228375098220324,-16.397095413290238,13.0,344,R
-9.258298942903204,-14.700213213367997,13.0,345,R
-8.743260867945114,-15.557380513852367,13.0,346,R
-7.743413173178411,-15.53992811280586,13.0,347,R
-7.258603552618113,-14.66530840125325,13.0,348,R
-9.288527398052672,-12.96842621135274,13.0,349,R
-8.773489323094585,-13.825593511837114,13.0,350,R
-7.773641627576199,-13.80814110076888,13.0,351,R
-7.288832007767579,-12.933521399237994,13.0,352,R
-9.318755852450458,-11.23663919931576,13.0,353,R
-8.80371777749237,-12.093806499800134,13.0,354,R
-7.80387008272566,-12.076354098753626,13.0,355,R
-7.31906046216537,-11.201734387201018,13.0,356,R
-9.348984307078979,-9.504852194346082,13.0,357,R
-8.833946232120896,-10.362019494830458,13.0,358,R
-7.834098537470753,-10.344567088686262,13.0,359,R
-7.349288916620241,-9.469947381246536,13.0,360,R
-9.379212762171361,-7.773065186248335,13.0,361,R
-8.864174687213279,-8.630232486732707,13.0,362,R
-7.864326991578324,-8.612780080762159,13.0,363,R
-7.379517371712624,-7.738160373148785,13.0,364,R
-9.409441216278939,-6.041278178324235,13.0,365,R
-8.894403141494498,-6.8984454797934145,13.0,366,R
-7.894555446670706,-6.8809930726644115,13.0,367,R
-7.409745826978656,-6.006373366035842,13.0,368,R
-9.439669671544971,-4.30949117121129,13.0,369,R
-8.924631596586883,-5.166658471695664,13.0,370,R
-7.924783901763093,-5.149206064566662,13.0,371,R
-7.43997428108623,-4.2745863581117405,13.0,372,R
-9.469898125652547,-2.577704163287191,13.0,373,R
-8.95486005069446,-3.4348714637715627,13.0,374,R
-7.955012356044309,-3.417419057627367,13.0,375,R
-7.470202736178613,-2.5427993500139916,13.0,376,R
-9.500126581729738,-0.845917155015792,13.0,377,R
-8.985088505786837,-1.703084455673814,13.0,378,R
-7.9852408111367055,-1.6856320495296193,13.0,379,R
-7.500431190286187,-0.8110123420898908,13.0,380,R
-9.530355031898079,0.8858698522137156,13.0,381,R
-9.015316960879222,0.028702552423934824,13.0,382,R
-8.015469265244276,0.0461549583944838,13.0,383,R
-7.53065964537857,0.9207746660078586,13.0,384,R
-9.5605834919145,2.6176568611797064,13.0,385,R
-9.045545416145254,1.760489559536876,13.0,386,R
-8.045697720336658,1.7779419664922336,13.0,387,R
-7.560888099659795,2.6525616729471526,13.0,388,R
-9.590811942082848,4.349443868409216,13.0,389,R
-9.0757738663136,3.4922765667663858,13.0,390,R
-8.075926174444232,3.509728974416331,13.0,391,R
-7.591116554752175,4.3843486810449015,13.0,392,R
-9.621040402272918,6.081230876390396,13.0,393,R
-9.10600232633002,5.224063575732375,13.0,394,R
-8.106154629710261,5.241515981529273,13.0,395,R
-7.621345008859752,6.116135688969004,13.0,396,R
-9.651268852441262,7.813017883619907,13.0,397,R
-9.136230776498364,6.955850582961887,13.0,398,R
-8.136383084802647,6.973302989627024,13.0,399,R
-7.651573463952135,7.847922697066753,13.0,400,R
-9.681497312457683,9.544804892585894,13.0,401,R
-9.166459236514786,8.687637591927873,13.0,402,R
-8.166611534970995,8.705089996856533,13.0,403,R
-7.6818019186972215,9.579709707134118,13.0,404,R
-9.711725763146971,11.276591896860976,13.0,405,R
-9.196687687204076,10.41942459620296,13.0,406,R
-8.196839994640113,10.436877007792138,13.0,407,R
-7.7120303699074535,11.311496708454781,13.0,408,R
-6.228527402701946,-16.379643002221997,13.0,409,R
-5.713489327743856,-17.236810302706374,13.0,410,R
-4.713641632977147,-17.219357901659865,13.0,411,R
-4.228832012416847,-16.344738190107254,13.0,412,R
-6.258755857851407,-14.647856000206744,13.0,413,R
-5.743717782893318,-15.505023300691118,13.0,414,R
-4.743870087374935,-15.487570889622887,13.0,415,R
-4.259060468551118,-14.612951187918355,13.0,416,R
-6.2889843122491955,-12.916068988169766,13.0,417,R
-5.773946237291103,-13.773236288654138,13.0,418,R
-4.774098542524401,-13.755783887607631,13.0,419,R
-4.289288921964108,-12.88116417605502,13.0,420,R
-6.319212766877715,-11.184281983200087,13.0,421,R
-5.804174692440572,-12.041449286638883,13.0,422,R
-4.804326996922185,-12.02399687557065,13.0,423,R
-4.3195173774037805,-11.14937716992689,13.0,424,R
-6.349441221970098,-9.452494975102338,13.0,425,R
-5.834403147012013,-10.30966227558671,13.0,426,R
-4.83455545236187,-10.292209869442516,13.0,427,R
-4.349745831511358,-9.417590162002789,13.0,428,R
-6.3796696770624814,-7.7207079670045875,13.0,429,R
-5.864631602104392,-8.577875267488963,13.0,430,R
-4.864783906469447,-8.560422861518415,13.0,431,R
-4.379974286603741,-7.685803153905038,13.0,432,R
-6.4098981311700545,-5.988920959080488,13.0,433,R
-5.894860056385618,-6.846088260549666,13.0,434,R
-4.895012361561827,-6.828635853420666,13.0,435,R
-4.410202740884963,-5.954016146965745,13.0,436,R
-6.440126586262438,-4.257133950982739,13.0,437,R
-5.925088511477994,-5.114301252451919,13.0,438,R
-4.925240815669404,-5.096848845496565,13.0,439,R
-4.44043119597735,-4.222229138867995,13.0,440,R
-6.470355040543664,-2.525346944043445,13.0,441,R
-5.955316965585575,-3.382514244527817,13.0,442,R
-4.955469270761787,-3.365061837398815,13.0,443,R
-4.470659650084923,-2.4904421309438947,13.0,444,R
-6.500583495636044,-0.7935599359456954,13.0,445,R
-5.985545420677962,-1.6507272364300676,13.0,446,R
-4.985697725043012,-1.6332748304595217,13.0,447,R
-4.500888105177303,-0.7586551228461457,13.0,448,R
-6.530811949743621,0.9382270719784063,13.0,449,R
-6.015773874785535,0.08105977149403176,13.0,450,R
-5.015926180135396,0.09851217763822784,13.0,451,R
-4.53111655928488,0.9731318850779567,13.0,452,R
-6.5610404048360005,2.670014080076154,13.0,453,R
-6.0460023298779255,1.8128467795917815,13.0,454,R
-5.046154634242965,1.83029918556233,13.0,455,R
-4.561345014377267,2.704918893175705,13.0,456,R
-6.591268858943581,4.401801088000259,13.0,457,R
-6.076230784159144,3.544633786531075,13.0,458,R
-5.076383089335352,3.562086193660077,13.0,459,R
-4.591573468658485,4.436705900114998,13.0,460,R
-6.621497314209609,6.133588095113198,13.0,461,R
-6.106459239251527,5.276420794628827,13.0,462,R
-5.106611543442922,5.29387320158418,13.0,463,R
-4.621801923750868,6.168492908212751,13.0,464,R
-6.651725768317189,7.865375103037298,13.0,465,R
-6.1366876933591,7.008207802552926,13.0,466,R
-5.1368399987089575,7.0256602086971185,13.0,467,R
-4.652030377858441,7.900279916136849,13.0,468,R
-6.681954223930515,9.597162108180624,13.0,469,R
-6.16691614845148,8.739994810650675,13.0,470,R
-5.167068452469237,8.757447218590837,13.0,471,R
-4.682258833645427,9.632066920295369,13.0,472,R
-6.712182677343497,11.328949120043955,13.0,473,R
-6.197144602385404,10.471781819559581,13.0,474,R
-5.197296908603516,10.489234220779739,13.0,475,R
-4.712487288043215,11.363853932332347,13.0,476,R
-3.2289843186349465,-16.327285788887103,13.0,477,R
-2.7139462436768578,-17.184453089371473,13.0,478,R
-1.714098547173665,-17.16700067847689,13.0,479,R
-1.2292889283498514,-16.292380976772357,13.0,480,R
-3.259212772047926,-14.595498777023769,13.0,481,R
-2.7441746970898397,-15.452666077508143,13.0,482,R
-1.744327003307944,-15.435213676287983,13.0,483,R
-1.2595173817628333,-14.560593964909026,13.0,484,R
-3.289441228182197,-12.863711774834867,13.0,485,R
-2.774403153224115,-13.720879075319239,13.0,486,R
-1.7745554567209225,-13.703426664424654,13.0,487,R
-1.2897458378971087,-12.828806962720122,13.0,488,R
-3.319669681768832,-11.131924763956341,13.0,489,R
-2.8046316066370935,-11.989092063455907,13.0,490,R
-1.8047839119869509,-11.971639657311712,13.0,491,R
-1.3199742913100942,-11.097019950856794,13.0,492,R
-3.3498981368612117,-9.40013775585859,13.0,493,R
-2.8348600619031257,-10.257305056342965,13.0,494,R
-1.8350123662681834,-10.23985265037242,13.0,495,R
-1.3502027464024777,-9.365232942759043,13.0,496,R
-3.380126590968792,-7.6683507479344915,13.0,497,R
-2.86508851601071,-8.525518048418864,13.0,498,R
-1.8652408213605634,-8.50806564227467,13.0,499,R
-1.3804312005100545,-7.633445934834942,13.0,500,R
-3.410355046061179,-5.936563739836741,13.0,501,R
-2.8953169711030897,-6.793731040321115,13.0,502,R
-1.8954692754681401,-6.776278634350567,13.0,503,R
-1.4106596556024344,-5.901658926737192,13.0,504,R
-3.4405835001687484,-4.204776731912641,13.0,505,R
-2.925545425384315,-5.0619440333818195,13.0,506,R
-1.9256977305605236,-5.044491626252819,13.0,507,R
-1.44088810988366,-4.169871919797898,13.0,508,R
-3.4708119554347805,-2.4729897247996977,13.0,509,R
-2.955773880476695,-3.330157025284071,13.0,510,R
-1.9559261846680933,-3.312704618328718,13.0,511,R
-1.4711165649760396,-2.438084911700149,13.0,512,R
-3.5010404095423535,-0.7412027168755981,13.0,513,R
-2.9860023345842714,-1.5983700173599713,13.0,514,R
-1.9861546399341288,-1.5809176112157766,13.0,515,R
-1.5013450190836202,-0.7062979037760473,13.0,516,R
-3.5312688646347405,0.9905842912221503,13.0,517,R
-3.016230789676655,0.13341699073777735,13.0,518,R
-2.0163830940417022,0.150869396708325,13.0,519,R
-1.5315734741759965,1.0254891043217027,13.0,520,R
-3.5614973187423136,2.7223712991462516,13.0,521,R
-3.0464592437842244,1.8652039986618787,13.0,522,R
-2.0466115491340853,1.8826564048060748,13.0,523,R
-1.5618019282835731,2.757276112245803,13.0,524,R
-3.5917257738347046,4.454158307244003,13.0,525,R
-3.076687698876615,3.596991006759629,13.0,526,R
-2.0768400032416587,3.6144434127301754,13.0,527,R
-1.5920303833759566,4.489063120343553,13.0,528,R
-3.6219542279422705,6.185945315168102,13.0,529,R
-3.1069161531578335,5.328778013698924,13.0,530,R
-2.1070684583340458,5.346230420827926,13.0,531,R
-1.6222588386419883,6.220850127456491,13.0,532,R
-3.652182683208299,7.9177323222810445,13.0,533,R
-3.1371446082502166,7.06056502179667,13.0,534,R
-2.137296913426433,7.078017428925677,13.0,535,R
-1.6524872927495653,7.952637135380595,13.0,536,R
-3.6824111381270406,9.6495193313636,13.0,537,R
-3.167373063168952,8.79235203087923,13.0,538,R
-2.1675253684022384,8.809804431925738,13.0,539,R
-1.6827157478419486,9.684424143478342,13.0,540,R
-3.7126395915400225,11.38130634322693,13.0,541,R
-3.197601518318417,10.524139032894483,13.0,542,R
-2.197753822800038,10.541591443962718,13.0,543,R
-1.7129442012549274,11.416211155341678,13.0,544,R
-0.22944123184666232,-16.274928565877772,13.0,545,R
0.28559684311141975,-17.132095866362143,13.0,546,R
1.2854445368933227,-17.114643465141985,13.0,547,R
1.770254158438426,-16.240023753763026,13.0,548,R
-0.2596696879809337,-14.54314156368887,13.0,549,R
0.2553683869771448,-15.400308864173244,13.0,550,R
1.255216083480341,-15.382856453278658,13.0,551,R
1.740025702304158,-14.508236751574128,13.0,552,R
-0.2898981413939197,-12.811354551825538,13.0,553,R
0.2251399335641695,-13.66852185230991,13.0,554,R
1.2249876273460656,-13.651069451089755,13.0,555,R
1.7097972488911688,-12.776449739710795,13.0,556,R
-0.3201265964862995,-11.079567543727787,13.0,557,R
0.19491147829813382,-11.936734845196968,13.0,558,R
1.1947591741067356,-11.919282438241616,13.0,559,R
1.6795687937987853,-11.044662731613045,13.0,560,R
-0.35035505076752504,-9.347780536788495,13.0,561,R
0.1646830241905607,-10.204947837272869,13.0,562,R
1.1645307188407,-10.187495431128674,13.0,563,R
1.6493403396912156,-9.312875723688943,13.0,564,R
-0.3805835058599083,-7.615993528690746,13.0,565,R
0.13445456909817732,-8.47316082917512,13.0,566,R
1.134302264733127,-8.455708423204575,13.0,567,R
1.6191118845988326,-7.581088715591198,13.0,568,R
-0.4108119599674813,-5.8842065207666465,13.0,569,R
0.10422611499059664,-6.741373821251015,13.0,570,R
1.104073809640747,-6.7239214151068225,13.0,571,R
1.588883430491252,-5.849301707667095,13.0,572,R
-0.4410404150598685,-4.152419512668895,13.0,573,R
0.0739976598982171,-5.009586813153268,13.0,574,R
1.0738453555331664,-4.992134407182721,13.0,575,R
1.558654975398872,-4.117514699569344,13.0,576,R
-0.47126886916744537,-2.420632504744794,13.0,577,R
0.04376920561699518,-3.277799806213975,13.0,578,R
1.043616900440783,-3.260347399084971,13.0,579,R
1.5284265201328402,-2.3857276924564035,13.0,580,R
-0.5014973244334738,-0.6888454976318523,13.0,581,R
0.013540750524611775,-1.5460127981162248,13.0,582,R
1.0133884453483997,-1.5285603909872223,13.0,583,R
1.498198066025267,-0.6539406845323025,13.0,584,R
-0.531725779525857,1.0429415104658957,13.0,585,R
-0.016687704567771508,0.18577420998152383,13.0,586,R
0.9831599910671778,0.2032266159520708,13.0,587,R
1.4679696109328835,1.0778463235654479,13.0,588,R
-0.5619542336334304,2.7747285183899977,13.0,589,R
-0.04691615867534471,1.9175612179056234,13.0,590,R
0.9529315359747981,1.9350136240498195,13.0,591,R
1.4377411568253031,2.8096333314895485,13.0,592,R
-0.5921826887258139,4.50651552648775,13.0,593,R
-0.07714461376773163,3.6493482260033727,13.0,594,R
0.9227030818672175,3.6668006319739224,13.0,595,R
1.407512701732927,4.541420339587297,13.0,596,R
-0.6224111428333943,6.238302534411849,13.0,597,R
-0.10737306787530843,5.381135233927473,13.0,598,R
0.8924746267748344,5.398587640071668,13.0,599,R
1.3772842474516944,6.27320734652659,13.0,600,R
-0.6526395979257777,7.9700895425096,13.0,601,R
-0.13760152314134055,7.112922241040415,13.0,602,R
0.8622461726672643,7.130374647995773,13.0,603,R
1.347055792359318,8.00499435462434,13.0,604,R
-0.6828680513387566,9.701876554372936,13.0,605,R
-0.167829976380667,8.844709253888558,13.0,606,R
0.8320177174012257,8.86216165510871,13.0,607,R
1.3168273389463356,9.736781366487675,13.0,608,R
-0.7130965074730349,11.433663556561832,13.0,609,R
-0.19805843251494237,10.576496256077462,13.0,610,R
0.8017892639882502,10.593948666972048,13.0,611,R
1.286598882812057,11.468568368676575,13.0,612,R
2.770101852220326,-16.22257135254287,13.0,613,R
3.285139927178415,-17.07973865302725,13.0,614,R
4.284987623681604,-17.062286242132664,13.0,615,R
4.769797242505424,-16.18766654042813,13.0,616,R
2.739873398807344,-14.490784340679543,13.0,617,R
3.254911473765433,-15.347951641163917,13.0,618,R
4.254759169283815,-15.330499230095683,13.0,619,R
4.73956878909244,-14.455879528564799,13.0,620,R
2.7096449437149674,-12.758997332581792,13.0,621,R
3.2246830193676406,-13.616164629126935,13.0,622,R
4.2245307141343496,-13.598712228080425,13.0,623,R
4.709340334173705,-12.724092519482243,13.0,624,R
2.6794164896073904,-11.027210324657688,13.0,625,R
3.194454564391824,-11.88437762612687,13.0,626,R
4.194302259215619,-11.86692521899787,13.0,627,R
4.679111878907676,-10.9923055123693,13.0,628,R
2.6491880343413587,-9.29542331754475,13.0,629,R
3.1642261092994444,-10.152590618029125,13.0,630,R
4.164073804123225,-10.135138210900118,13.0,631,R
4.648883424800096,-9.260518504445201,13.0,632,R
2.6189595792489753,-7.563636309447,13.0,633,R
3.133997654207061,-8.420803609931372,13.0,634,R
4.133845349842007,-8.403351203960828,13.0,635,R
4.618654969707716,-7.528731496347451,13.0,636,R
2.5887311251413982,-5.8318493015229,13.0,637,R
3.103769200099484,-6.68901660200727,13.0,638,R
4.1036168947496225,-6.671564195863075,13.0,639,R
4.588426515600139,-5.796944488423346,13.0,640,R
2.5585026700490188,-4.10006229342515,13.0,641,R
3.073540745007101,-4.957229593909523,13.0,642,R
4.073388440642053,-4.939777187938977,13.0,643,R
4.55819806050776,-4.065157480325599,13.0,644,R
2.528274215941438,-2.3682752855010474,13.0,645,R
3.0433122908995203,-3.225442585985421,13.0,646,R
4.04315998554967,-3.207990179841226,13.0,647,R
4.527969606400175,-2.3333704724014996,13.0,648,R
2.498045760849051,-0.6364882774032978,13.0,649,R
3.013083835633499,-1.4936555788724803,13.0,650,R
4.012931531442093,-1.4762031719171267,13.0,651,R
4.497741151134139,-0.6015834652885562,13.0,652,R
2.4678173065678366,1.095298729535993,13.0,653,R
2.982855381525915,0.23813142905162032,13.0,654,R
3.98270307634971,0.25558383618062275,13.0,655,R
4.4675126970265735,1.1302035426355457,13.0,656,R
2.4375888514754496,2.8270857376337433,13.0,657,R
2.952626926433535,1.9699184371493685,13.0,658,R
3.9524746220684843,1.98737084311992,13.0,659,R
4.43728424193419,2.861990550733294,13.0,660,R
2.4073603973678726,4.5588727455578475,13.0,661,R
2.922398472325958,3.701705445073471,13.0,662,R
3.9222461669761013,3.7191578512176657,13.0,663,R
4.4070557878266134,4.5937775586573935,13.0,664,R
2.3771319422754926,6.290659753655595,13.0,665,R
2.8921700172335782,5.433492453171222,13.0,666,R
3.8920177128685243,5.450944859141766,13.0,667,R
4.37682733273423,6.325564566755142,13.0,668,R
2.346903488862507,8.022446765518929,13.0,669,R
2.861941562952353,7.165279460110516,13.0,670,R
3.861789257602492,7.182731866254709,13.0,671,R
4.346598879147596,8.057351577633668,13.0,672,R
2.3166750327282286,9.754233767707825,13.0,673,R
2.8317131076863244,8.89706646722346,13.0,674,R
3.8315608041895133,8.914518878118045,13.0,675,R
4.3163704230133275,9.789138579822572,13.0,676,R
2.2864465793152533,11.486020779571156,13.0,677,R
2.801484654273339,10.62885347908679,13.0,678,R
3.8013323480552415,10.646305880306947,13.0,679,R
4.286141969600345,11.520925591685907,13.0,680,R
5.769644939008614,-16.170214129533544,13.0,681,R
6.28468301298189,-17.02738142984427,13.0,682,R
7.284530709485086,-17.009929018949684,13.0,683,R
7.769340328308893,-16.135309317245152,13.0,684,R
5.739416484610822,-14.438427117496566,13.0,685,R
6.254454559568904,-15.295594417980936,13.0,686,R
7.254302253350807,-15.278142016760782,13.0,687,R
7.739111874895903,-14.403522305381824,13.0,688,R
5.7091880288238475,-12.706640113338047,13.0,689,R
6.224226103434632,-13.563807415792034,13.0,690,R
7.22407379941689,-13.546355007851876,13.0,691,R
7.70888341928258,-12.671735300238495,13.0,692,R
5.67895957471627,-10.974853105413944,13.0,693,R
6.193997649674352,-11.83202040589832,13.0,694,R
7.193845344324503,-11.814567999754125,13.0,695,R
7.678654965175004,-10.939948292314396,13.0,696,R
5.64873111962388,-9.243066097316195,13.0,697,R
6.163769194408328,-10.100233398785377,13.0,698,R
7.163616890216922,-10.082780991830022,13.0,699,R
7.64842650990898,-9.208161285201456,13.0,700,R
5.618502665342661,-7.5112790903769024,13.0,701,R
6.1335407403007505,-8.368446390861276,13.0,702,R
7.133388435124538,-8.35099398373227,13.0,703,R
7.618198055801409,-7.476374277277353,13.0,704,R
5.588274210250285,-5.779492082279154,13.0,705,R
6.103312285208368,-6.636659382763527,13.0,706,R
7.103159980843317,-6.619206976792979,13.0,707,R
7.587969600709019,-5.744587269179602,13.0,708,R
5.558045756142705,-4.047705074355051,13.0,709,R
6.07308383110079,-4.904872374839426,13.0,710,R
7.0729315257509295,-4.88741996869523,13.0,711,R
7.557741146601446,-4.012800261255503,13.0,712,R
5.527817301050321,-2.315918066257302,13.0,713,R
6.042855376008403,-3.173085366741675,13.0,714,R
7.0427030716433565,-3.1556329607711304,13.0,715,R
7.527512691509062,-2.2810132531577523,13.0,716,R
5.497588846942745,-0.5841310583332013,13.0,717,R
6.012626921727185,-1.4412983598023832,13.0,718,R
7.012474616550973,-1.4238459526733793,13.0,719,R
7.4972842372278405,-0.5492262462184601,13.0,720,R
5.467360391850361,1.1476559497645469,13.0,721,R
5.982398466634798,0.29048864829536514,13.0,722,R
6.9822461624433965,0.3079410552507188,13.0,723,R
7.46705578213545,1.1825607618792906,13.0,724,R
5.437131937569136,2.879442956703839,13.0,725,R
5.952170012527225,2.022275656219466,13.0,726,R
6.952017707351024,2.0397280633484707,13.0,727,R
7.436827328027884,2.9143477698033897,13.0,728,R
5.406903482476756,4.6112299648015895,13.0,729,R
5.921941557434838,3.7540626643172166,13.0,730,R
6.921789253069788,3.7715150702877644,13.0,731,R
7.406598872935501,4.646134777901142,13.0,732,R
5.376675028369176,6.343016972725691,13.0,733,R
5.891713103327269,5.485849672241319,13.0,734,R
6.891560797977404,5.503302078385514,13.0,735,R
7.376370417843117,6.37792178599889,13.0,736,R
5.346446572929502,8.074803978853826,13.0,737,R
5.861484647887588,7.21763667836945,13.0,738,R
6.861332343405967,7.235089089437686,13.0,739,R
7.346141963214604,8.109708790968572,13.0,740,R
5.31621811951652,9.806590990717158,13.0,741,R
5.831256193489799,8.94942369040643,13.0,742,R
6.831103888256509,8.966876091452939,13.0,743,R
7.315913508816802,9.841495803005547,13.0,744,R
5.285989663382245,11.53837799290606,13.0,745,R
5.801027738340331,10.681210692421688,13.0,746,R
6.800875433858713,10.698663103489919,13.0,747,R
7.285685053667343,11.573282805020801,13.0,748,R
8.769188020872848,-16.117856905655977,13.0,749,R
9.284226096815747,-16.975024206313996,13.0,750,R
10.284073797491306,-16.95757180630937,13.0,751,R
10.768883414112373,-16.08295209406218,13.0,752,R
8.738959569662631,-14.386069904335313,13.0,753,R
9.253997645605509,-15.243237204993333,13.0,754,R
10.253845338169475,-15.22578479340416,13.0,755,R
10.738654963423087,-14.351165089787088,13.0,756,R
8.70873111491753,-12.654282894267949,13.0,757,R
9.223769185936394,-13.51145019405773,13.0,758,R
10.223616887480196,-13.49399778912907,13.0,759,R
10.708426503406661,-12.619378080821104,13.0,760,R
8.678502659825147,-10.9224958861702,13.0,761,R
9.193540735768053,-11.779663186828222,13.0,762,R
10.193388427463777,-11.762210780163084,13.0,763,R
10.67819805323832,-10.887591073591594,13.0,764,R
8.64827420571758,-9.190708878246099,13.0,765,R
9.163312280675655,-10.04787617873047,13.0,766,R
10.163159977295422,-10.030423772933574,13.0,767,R
10.647969593048247,-9.155804065610411,13.0,768,R
8.61804575062519,-7.45892187014835,13.0,769,R
9.133083825409624,-8.31608917161753,13.0,770,R
10.13293151727901,-8.298636763967579,13.0,771,R
10.617741142879906,-7.424017058380905,13.0,772,R
8.587817296343967,-5.727134863209056,13.0,773,R
9.102855371302065,-6.584302163693429,13.0,774,R
10.102703067110655,-6.566849756738074,13.0,775,R
10.58751268286348,-5.692230049414914,13.0,776,R
8.557588841251585,-3.9953478551113055,13.0,777,R
9.072626916209675,-4.852515155595681,13.0,778,R
10.07247461184463,-4.835062749625131,13.0,779,R
10.557284232695139,-3.9604430421854047,13.0,780,R
8.527360387144004,-2.263560847187202,13.0,781,R
9.042398462102087,-3.1207281476715787,13.0,782,R
10.04224615675224,-3.1032757415273826,13.0,783,R
10.527055776617932,-2.228656033914007,13.0,784,R
8.497131932051635,-0.531773839089456,13.0,785,R
9.012170007009725,-1.38894113957383,13.0,786,R
10.012017701659857,-1.3714887334296355,13.0,787,R
10.496827322510372,-0.4968690259899043,13.0,788,R
8.466903477944047,1.200013168834647,13.0,789,R
8.981941552728495,0.3428458673654635,13.0,790,R
9.981789247552276,0.3602982744944664,13.0,791,R
10.466598867244333,1.2349179811230369,13.0,792,R
8.43667502267803,2.9318001759475867,13.0,793,R
8.951713097636112,2.074632875463213,13.0,794,R
9.951560792459906,2.0920852825922163,13.0,795,R
10.43637041313676,2.966704989047137,13.0,796,R
8.406446567585633,4.663587184045339,13.0,797,R
8.921484642543728,3.806419883560963,13.0,798,R
9.921332338178678,3.82387228953151,13.0,799,R
10.406141958044383,4.698491997144888,13.0,800,R
8.376218113130768,6.395374189999822,13.0,801,R
8.891256188436149,5.538206891485064,13.0,802,R
9.891103883086288,5.5556592976292585,13.0,803,R
10.375913503415871,6.430279002114563,13.0,804,R
8.345989658732973,8.127161202036802,13.0,805,R
8.861027733691055,7.269993901552429,13.0,806,R
9.860875428457769,7.287446302598937,13.0,807,R
10.345685049018076,8.16206601415154,13.0,808,R
8.315761203583508,9.858948204052055,13.0,809,R
8.83079927854159,9.001780903567685,13.0,810,R
9.830646974059972,9.019233314635917,13.0,811,R
10.31545659386861,9.893853016166796,13.0,812,R
8.28553274918572,11.590735216089035,13.0,813,R
8.800570824143808,10.733567915604663,13.0,814,R
9.800418518910522,10.751020316651172,13.0,815,R
10.28522813947082,11.625640028203783,13.0,816,R
11.768731104939846,-16.065499692321076,13.0,817,R
12.283769180882754,-16.9226669929791,13.0,818,R
13.283616883294778,-16.9052145831264,13.0,819,R
13.768426498179366,-16.030594880727282,13.0,820,R
11.738502655118804,-14.333712683121952,13.0,821,R
12.253540731408986,-15.190879981810358,13.0,822,R
13.253388422236466,-15.173427580069255,13.0,823,R
13.738198048531965,-14.29880787054335,13.0,824,R
11.708274204950449,-12.601925675892442,13.0,825,R
12.223312271045277,-13.459092974813986,13.0,826,R
13.223159972589066,-13.441640569885326,13.0,827,R
13.707969588515546,-12.567020861577358,13.0,828,R
11.67804574493403,-10.870138666926454,13.0,829,R
12.193083820876922,-11.727305967584476,13.0,830,R
13.192931512572653,-11.709853560919337,13.0,831,R
13.677741138347198,-10.835233854347846,13.0,832,R
11.64781729476569,-9.138351659696944,13.0,833,R
12.16285537070859,-9.995518960354968,13.0,834,R
13.162703062404313,-9.978066553689828,13.0,835,R
13.647512678330779,-9.10344684538186,13.0,836,R
11.617588834749263,-7.406564650730955,13.0,837,R
12.132626910518507,-8.263731952373785,13.0,838,R
13.132474602387878,-8.246279544723837,13.0,839,R
13.617284227988781,-7.371659839137157,13.0,840,R
11.587360384407281,-5.674777644486255,13.0,841,R
12.102398460350175,-6.531944945144277,13.0,842,R
13.10224615221954,-6.514492537494327,13.0,843,R
13.587055767972355,-5.639872830171167,13.0,844,R
11.557131924390855,-3.9429906355202653,13.0,845,R
12.072170000333747,-4.800157936178288,13.0,846,R
13.072017692029478,-4.782705529513145,13.0,847,R
13.55682731780403,-3.9080858229416604,13.0,848,R
11.526903474222514,-2.2112036282907552,13.0,849,R
12.041941550165415,-3.068370928948779,13.0,850,R
13.041789241861125,-3.05091852228364,13.0,851,R
13.526598857787596,-2.17629881397567,13.0,852,R
11.496675014206081,-0.4794166193247657,13.0,853,R
12.011713090148973,-1.3365839199827865,13.0,854,R
13.011560791692784,-1.3191315150541305,13.0,855,R
13.496370407619242,-0.4445118067461603,13.0,856,R
11.46644656403774,1.252370387904743,13.0,857,R
11.981484639980634,0.3952030872467219,13.0,858,R
12.981332331676343,0.4126554939118587,13.0,859,R
13.466141957450908,1.2872752004833508,13.0,860,R
11.436218107960554,2.9841573961761387,13.0,861,R
11.95125617979058,2.126990095227902,13.0,862,R
12.951103881508017,2.14444250114137,13.0,863,R
13.435913497260833,3.0190622084645304,13.0,864,R
11.405989653679326,4.715944403115433,13.0,865,R
11.921027729622233,3.8587771024574096,13.0,866,R
12.92087542149159,3.876229510107359,13.0,867,R
13.4056850470925,4.7508492156940365,13.0,868,R
11.375761198934233,6.447731413182799,13.0,869,R
11.890799273545031,5.59056411072881,13.0,870,R
12.890646970628655,5.608016513397636,13.0,871,R
13.375456587249715,6.4826362256448355,13.0,872,R
11.345532743784768,8.179518415198054,13.0,873,R
11.860570818742872,7.322351114713681,13.0,874,R
12.860418511306817,7.339803526302855,13.0,875,R
13.345228136039491,8.2144232269655,13.0,876,R
11.315304289386994,9.911305427235028,13.0,877,R
11.830342364345068,9.05413812675066,13.0,878,R
12.830190061833077,9.071590537471598,13.0,879,R
13.314999676717651,9.946210239870721,13.0,880,R
11.285075835973993,11.64309243909836,13.0,881,R
11.80011391093209,10.785925138613992,13.0,882,R
12.799961604713992,10.803377539834152,13.0,883,R
13.284771227243906,11.677997251039457,13.0,884,R
14.768274190743332,-16.013142469138103,13.0,885,R
15.283312266686217,-16.87030976979612,13.0,886,R
16.283159967361776,-16.8528573697915,13.0,887,R
16.767969583982836,-15.978237657544305,13.0,888,R
14.73804574040133,-14.281355462893403,13.0,889,R
15.253083816170573,-15.138522764536232,13.0,890,R
16.252931508039953,-15.121070356886285,13.0,891,R
16.73774113364085,-14.2464506512996,13.0,892,R
14.707817290059348,-12.5495684566487,13.0,893,R
15.222855356154152,-13.406735755570239,13.0,894,R
16.222703057697963,-13.389283350641582,13.0,895,R
16.70751267362442,-12.51466364233361,13.0,896,R
14.677588830042922,-10.81778144768271,13.0,897,R
15.192626905985799,-11.674948748340729,13.0,898,R
16.192474597681528,-11.657496341675591,13.0,899,R
16.677284223456073,-10.782876635104103,13.0,900,R
14.647360379874574,-9.085994440453199,13.0,901,R
15.162398455817465,-9.94316174111122,13.0,902,R
16.162246147513187,-9.925709334446083,13.0,903,R
16.64705576343967,-9.051089626138115,13.0,904,R
14.617131919858148,-7.354207431487209,13.0,905,R
15.132169995801046,-8.21137473214523,13.0,906,R
16.132017687496763,-8.193922325480091,13.0,907,R
16.616827313271322,-7.319302618908603,13.0,908,R
14.5869034696898,-5.622420424257699,13.0,909,R
15.101941545459065,-6.479587725900531,13.0,910,R
16.101789237328422,-6.462135318250585,13.0,911,R
16.586598853081252,-5.587515610927422,13.0,912,R
14.556675009499731,-3.890633416276519,13.0,913,R
15.071713085442632,-4.74780071693454,13.0,914,R
16.071560787160067,-4.730348311021073,13.0,915,R
16.556370402912894,-3.8557286036979135,13.0,916,R
14.526446559331399,-2.158846409047012,13.0,917,R
15.04148463527429,-3.0160137097050326,13.0,918,R
16.041332326969993,-2.9985613030398937,13.0,919,R
16.526141952744567,-2.1239415964684043,13.0,920,R
14.496218099314971,-0.4270594000810204,13.0,921,R
15.011256175257843,-1.2842267007390424,13.0,922,R
16.01110387680166,-1.266774295810383,13.0,923,R
16.49591349272814,-0.3921545875024176,13.0,924,R
14.465989649146618,1.3047276071484883,13.0,925,R
14.981027725089524,0.44756030649046763,13.0,926,R
15.98087541678524,0.4650127131556049,13.0,927,R
16.465685042559798,1.3396324197270948,13.0,928,R
14.435761189130199,3.0365146161144767,13.0,929,R
14.95079926507309,2.179347315456456,13.0,930,R
15.950646966616892,2.1967997203851155,13.0,931,R
16.435456582369717,3.071419427708276,13.0,932,R
14.405532738961858,4.768301623343988,13.0,933,R
14.920570814731109,3.911134321701159,13.0,934,R
15.92041850660048,3.928586729351105,13.0,935,R
16.405228132201376,4.803206434937786,13.0,936,R
14.375304287925275,6.500088625649457,13.0,937,R
14.890342354020087,5.642921326727919,13.0,938,R
15.890190056432134,5.660373736580613,13.0,939,R
16.374999673053185,6.534993448827811,13.0,940,R
14.345075828603443,8.231875638554675,13.0,941,R
14.860113904546349,7.374708337896658,13.0,942,R
15.859961597110294,7.3921607494858375,13.0,943,R
16.34477122184296,8.266780450148474,13.0,944,R
14.31484737912969,9.963662649723416,13.0,945,R
14.82988545507259,9.106495349065396,13.0,946,R
15.82973314590007,9.123947750806499,13.0,947,R
16.31454276252113,9.9985674630537,13.0,948,R
14.284618918071365,11.69544965278056,13.0,949,R
14.799656994014278,10.838282352122537,13.0,950,R
15.799504686578222,10.85573476371172,13.0,951,R
16.284314311310904,11.730354464374358,13.0,952,R
17.767817274810323,-15.960785255803202,13.0,953,R
18.282855350753223,-16.817952556461226,13.0,954,R
19.282703053165253,-16.800500146608524,13.0,955,R
19.76751266909172,-15.925880438300556,13.0,956,R
17.737588825510212,-14.228998243649656,13.0,957,R
18.252626901279456,-15.086165545292484,13.0,958,R
19.25247459314883,-15.068713137642535,13.0,959,R
19.737284218749725,-14.194093432055858,13.0,960,R
17.707360375168225,-12.497211237404956,13.0,961,R
18.222398441263028,-13.354378536326491,13.0,962,R
19.22224614298048,-13.33692613041303,13.0,963,R
19.70705575873331,-12.462306423089865,13.0,964,R
17.677131915151797,-10.765424228438963,13.0,965,R
18.19216999109469,-11.622591529096987,13.0,966,R
19.192017682790407,-11.605139122431844,13.0,967,R
19.676827308564956,-10.730519415860359,13.0,968,R
17.646903464983456,-9.033637221209453,13.0,969,R
18.161941540926342,-9.890804521867476,13.0,970,R
19.161789232622066,-9.873352115202337,13.0,971,R
19.646598848548532,-8.99873240689437,13.0,972,R
17.616675004967032,-7.301850212243467,13.0,973,R
18.131713080909922,-8.159017512901485,13.0,974,R
19.13156077260564,-8.141565106236348,13.0,975,R
19.61637039838019,-7.266945399664859,13.0,976,R
17.586446554798698,-5.570063205013958,13.0,977,R
18.101484630741595,-6.427230505671977,13.0,978,R
19.101332322437298,-6.409778099006838,13.0,979,R
19.586141938363763,-5.5351583906988715,13.0,980,R
17.556218094782263,-3.8382761960479646,13.0,981,R
18.071256170551507,-4.695443497690796,13.0,982,R
19.071103872268974,-4.677991091777329,13.0,983,R
19.55591348802177,-3.803371384454167,13.0,984,R
17.525989644440276,-2.1064891898032645,13.0,985,R
18.041027720383166,-2.9636564904612865,13.0,986,R
19.04087541225254,-2.9462040828113394,13.0,987,R
19.525685037853442,-2.0715843772246583,13.0,988,R
17.49576118442385,-0.374702180837275,13.0,989,R
18.01079926036675,-1.2318694814952984,13.0,990,R
19.01064696191055,-1.2144170765666353,13.0,991,R
19.495456577837,-0.33979736825867135,13.0,992,R
17.465532734255486,1.3570848263922328,13.0,993,R
17.980570810198408,0.49991752573421255,13.0,994,R
18.980418501894125,0.5173699323993511,13.0,995,R
19.465228127668684,1.3919896389708382,13.0,996,R
17.43530428408716,3.088871833621744,13.0,997,R
17.950342350181973,2.231704534700203,13.0,998,R
18.950190051725784,2.249156939628862,13.0,999,R
19.434999667652242,3.123776647936827,13.0,1000,R
17.405075823202484,4.820658837663693,13.0,1001,R
17.920113899839993,3.9634915409449025,13.0,1002,R
18.91996159170935,3.9809439485948515,13.0,1003,R
19.404771218178496,4.855563659105567,13.0,1004,R
17.374847373728745,6.552445848832431,13.0,1005,R
17.889885439823566,5.695278549910892,13.0,1006,R
18.88973314223562,5.712730959763591,13.0,1007,R
19.374542757120185,6.587350662162715,13.0,1008,R
17.344618914406915,8.284232861737655,13.0,1009,R
17.859656990349812,7.4270655610796315,13.0,1010,R
18.85950468117729,7.4445179628207265,13.0,1011,R
19.34431430764643,8.319137673331449,13.0,1012,R
17.314390463196688,10.01601986305832,13.0,1013,R
17.82942853913958,9.158852562400291,13.0,1014,R
18.829276231703535,9.176304973989474,13.0,1015,R
19.31408584658812,10.050924676388593,13.0,1016,R
17.284162003874858,11.74780687596354,13.0,1017,R
17.799200079817748,10.890639575305514,13.0,1018,R
18.79904777064522,10.908091977046617,13.0,1019,R
19.283857397114367,11.782711687557331,13.0,1020,R
20.76736037063553,-15.908428033371901,13.0,1021,R
21.282398436556672,-16.76559533327825,13.0,1022,R
22.28224613896872,-16.74814292342555,13.0,1023,R
22.767055754200594,-15.87352321905681,13.0,1024,R
20.737131910619095,-14.17664102440591,13.0,1025,R
21.25216998656198,-15.033808325063928,13.0,1026,R
22.25201767825771,-15.01635591839879,13.0,1027,R
22.73682730403225,-14.141736211827302,13.0,1028,R
20.706903460450757,-12.4448540171764,13.0,1029,R
21.221941536219994,-13.302021318819229,13.0,1030,R
22.22178922808935,-13.28456891116928,13.0,1031,R
22.706598843842187,-12.409949203846121,13.0,1032,R
20.67667500026066,-10.713067009195218,13.0,1033,R
21.191713076203566,-11.570234309853241,13.0,1034,R
22.19156076807294,-11.552781902203293,13.0,1035,R
22.67637039367385,-10.678162196616611,13.0,1036,R
20.64644655009234,-8.98128000196571,13.0,1037,R
21.161484626035246,-9.838447302623731,13.0,1038,R
22.161332317730956,-9.820994895958593,13.0,1039,R
22.646141933657407,-8.94637518765062,13.0,1040,R
20.616218090075908,-7.24949299299972,13.0,1041,R
21.131256166018805,-8.106660293657743,13.0,1042,R
22.131103857714535,-8.0892078869926,13.0,1043,R
22.615913483489074,-7.214588180421112,13.0,1044,R
20.58598963990758,-5.51770598577021,13.0,1045,R
21.10102771585046,-6.374873286428231,13.0,1046,R
22.100875407546177,-6.357420879763091,13.0,1047,R
22.585685023472653,-5.482801171455122,13.0,1048,R
20.55576117989114,-3.7859189768042207,13.0,1049,R
21.070799255660397,-4.64308627844705,13.0,1050,R
22.07064695737785,-4.625633872533582,13.0,1051,R
22.555456573130666,-3.7510141652104227,13.0,1052,R
20.5255327297228,-2.0541319695747124,13.0,1053,R
21.04057080549205,-2.9112992712175405,13.0,1054,R
22.040418497361394,-2.893846863567594,13.0,1055,R
22.525228122962318,-2.019227157980915,13.0,1056,R
20.49530426953273,-0.32234496159352877,13.0,1057,R
21.01034234547563,-1.1795122622515521,13.0,1058,R
22.010190047193067,-1.1620598563380837,13.0,1059,R
22.494999662945887,-0.2874401490149261,13.0,1060,R
20.465075819364383,1.4094420456359766,13.0,1061,R
20.980113895307284,0.5522747449779566,13.0,1062,R
21.979961587003007,0.5697271516430937,13.0,1063,R
22.464771212777553,1.444346858214584,13.0,1064,R
20.434847369196053,3.141229052865484,13.0,1065,R
20.949885435290863,2.2840617539439467,13.0,1066,R
21.94973313683466,2.301514158872606,13.0,1067,R
22.434542752761132,3.176133867180573,13.0,1068,R
20.40461890900596,4.87301606084667,13.0,1069,R
20.919656985122504,4.015848761173458,13.0,1070,R
21.91950467751282,4.033301171777827,13.0,1071,R
22.404314302245496,4.907920872440467,13.0,1072,R
20.374390459532215,6.604803072015412,13.0,1073,R
20.889428535475115,5.747635771357384,13.0,1074,R
21.889276226302595,5.765088173098487,13.0,1075,R
22.374085842923655,6.639707885345685,13.0,1076,R
20.34416199847391,8.336590075072554,13.0,1077,R
20.859200074416798,7.47942277441453,13.0,1078,R
21.859047766980765,7.49687518600371,13.0,1079,R
22.34385739171343,8.371494886666353,13.0,1080,R
20.31393354900016,10.068377086241295,13.0,1081,R
20.82897162494306,9.211209785583272,13.0,1082,R
21.828819315770538,9.228662187324375,13.0,1083,R
22.313628932391584,10.10328189957157,13.0,1084,R
20.283705087941847,11.800164089298438,13.0,1085,R
20.798743163884748,10.942996788640414,13.0,1086,R
21.798590866296784,10.960449198493116,13.0,1087,R
22.28340048118136,11.835068900892237,13.0,1088,R
23.766903455744398,-15.856070814128154,13.0,1089,R
24.28194152183922,-16.71323811304969,13.0,1090,R
25.281789223383008,-16.695785708121033,13.0,1091,R
25.766598839309488,-15.821165999813065,13.0,1092,R
23.736674995727974,-14.124283805162165,13.0,1093,R
24.251713071670878,-14.981451105820188,13.0,1094,R
25.251560763366594,-14.963998699155045,13.0,1095,R
25.73637038914114,-14.089378992583557,13.0,1096,R
23.70644654555964,-12.392496797932655,13.0,1097,R
24.221484621502533,-13.249664098590676,13.0,1098,R
25.22133231319824,-13.232211691925535,13.0,1099,R
25.706141928951073,-12.357591984602376,13.0,1100,R
23.67621808554322,-10.660709788966667,13.0,1101,R
24.191256161312456,-11.517877090609492,13.0,1102,R
25.191103853181822,-11.500424682959547,13.0,1103,R
25.675913478782725,-10.625804977372866,13.0,1104,R
23.645989635201225,-8.928922782721965,13.0,1105,R
24.161027711144115,-9.786090083379985,13.0,1106,R
25.160875403013474,-9.768637675730037,13.0,1107,R
25.64568501876631,-8.894017968406878,13.0,1108,R
23.61576117518479,-7.197135773755973,13.0,1109,R
24.13079925112769,-8.054303074413998,13.0,1110,R
25.13064695267149,-8.036850669485338,13.0,1111,R
25.615456568597942,-7.162230961177365,13.0,1112,R
23.585532725016442,-5.465348766526463,13.0,1113,R
24.10057080095935,-6.322516067184485,13.0,1114,R
25.100418492655052,-6.305063660519347,13.0,1115,R
25.58522811842962,-5.430443953947861,13.0,1116,R
23.555304265000032,-3.7335617575604747,13.0,1117,R
24.070342340942922,-4.590729058218498,13.0,1118,R
25.07019004248671,-4.573276653289837,13.0,1119,R
25.554999658413184,-3.698656944981871,13.0,1120,R
23.52507581483169,-2.0017747503309673,13.0,1121,R
24.040113890600928,-2.8589420519737954,13.0,1122,R
25.039961582470298,-2.841489644323847,13.0,1123,R
25.524771208071208,-1.966869938737167,13.0,1124,R
23.494847354641614,-0.2699877423497843,13.0,1125,R
24.009885430584493,-1.1271550430078046,13.0,1126,R
25.00973313230196,-1.1097026370943377,13.0,1127,R
25.494542748054776,-0.2350829297711785,13.0,1128,R
23.464618904473262,1.461799264879724,13.0,1129,R
23.97965698041616,0.6046319642217041,13.0,1130,R
24.979504672111883,0.6220843708868422,13.0,1131,R
25.46431429788643,1.4967040774583307,13.0,1132,R
23.43439045430493,3.1935862721092323,13.0,1133,R
23.949428520399742,2.3364189731876905,13.0,1134,R
24.949276221943542,2.353871378116351,13.0,1135,R
25.434085837870008,3.228491086424321,13.0,1136,R
23.40416199480945,4.925373284029645,13.0,1137,R
23.919200070752346,4.068205983371624,13.0,1138,R
24.919047761579826,4.085658385112724,13.0,1139,R
25.403857388048966,4.9602780956234405,13.0,1140,R
23.373933543599215,6.657160285350308,13.0,1141,R
23.888971619542115,5.799992984692288,13.0,1142,R
24.888819312106058,5.817445396281465,13.0,1143,R
25.373628926990648,6.692065098680588,13.0,1144,R
23.343705084277378,8.388947298255527,13.0,1145,R
23.858743160220268,7.531779997597511,13.0,1146,R
24.85859085104776,7.549232399338607,13.0,1147,R
25.3434004775169,8.423852109849328,13.0,1148,R
23.313476633067157,10.120734299576192,13.0,1149,R
23.828514709010044,9.263566998918167,13.0,1150,R
24.828362401574,9.281019410507351,13.0,1151,R
25.313172018195083,10.15563912275455,13.0,1152,R
23.283248173745314,11.85252131248141,13.0,1153,R
23.79828624968821,10.995354011823391,13.0,1154,R
24.798133952100272,11.012806421676089,13.0,1155,R
25.28294356698483,11.88742612407521,13.0,1156,R
